0	0	0	0.338	1	0:07:30.018511
100	2	2	0.953	1	0:07:29.613350
200	4	395	0.177	0	0:07:28.707625
300	6	6	0.953	1	0:07:28.962403
400	8	8	0.953	1	0:07:28.509387
500	10	10	0.953	1	0:07:28.254295
600	12	12	0.256	1	0:07:27.375660
700	14	14	0.953	1	0:07:28.110649
800	16	16	0.953	1	0:07:27.628741
900	18	18	0.25	1	0:07:27.100463
1000	20	20	0.953	1	0:07:28.289478
1100	22	21	0.373	0	0:07:27.441804
1200	24	24	0.953	1	0:07:28.311190
1300	26	26	0.588	1	0:07:28.371057
1400	28	28	0.0524	1	0:07:28.492849
1500	30	30	0.535	1	0:07:27.094775
1600	32	103	0.00907	0	0:07:27.033439
1700	34	327	0.215	0	0:07:27.034565
1800	36	35	0.835	0	0:07:27.606273
1900	38	38	0.347	1	0:07:26.894988
2000	40	31	0.136	0	0:07:27.495241
2100	42	48	0.913	0	0:07:27.693859
2200	44	44	0.804	1	0:07:27.902303
2300	46	46	0.953	1	0:07:27.292643
2400	48	48	0.3	1	0:07:27.988142
2500	50	50	0.81	1	0:07:28.285589
2600	52	52	0.639	1	0:07:28.027925
2700	54	57	0.953	0	0:07:27.654440
2800	56	56	0.621	1	0:07:27.708004
2900	58	114	0.00523	0	0:07:26.998736
3000	60	62	0.656	0	0:07:27.302931
3100	62	62	0.81	1	0:07:26.777201
3200	64	64	0.755	1	0:07:28.523056
3300	66	63	0.261	0	0:07:26.547111
3400	68	60	0.0652	0	0:07:27.326133
3500	70	70	0.953	1	0:07:27.828997
3600	72	72	0.953	1	0:07:27.748506
3700	74	74	0.81	1	0:07:27.365924
3800	76	76	0.729	1	0:07:25.434333
3900	78	78	0.782	1	0:07:27.379598
4000	80	80	0.953	1	0:07:27.662855
4100	82	82	0.953	1	0:07:27.453716
4200	84	84	0.578	1	0:07:27.302633
4300	86	86	0.953	1	0:07:23.732693
4400	88	88	0.188	1	0:07:27.905521
4500	90	90	0.865	1	0:07:28.385762
4600	92	92	0.666	1	0:07:26.280209
4700	94	94	0.953	1	0:07:25.923843
4800	96	96	0.953	1	0:07:26.027264
4900	98	98	0.849	1	0:07:26.622658
5000	100	100	0.953	1	0:07:25.898199
5100	102	102	0.953	1	0:07:26.093692
5200	104	342	0.33	0	0:07:24.959421
5300	106	106	0.667	1	0:07:25.991692
5400	108	470	0.418	0	0:07:25.798505
5500	110	110	0.953	1	0:07:25.522895
5600	112	112	0.922	1	0:07:25.448207
5700	114	113	0.61	0	0:07:25.771829
5800	116	116	0.953	1	0:07:25.875444
5900	118	118	0.905	1	0:07:26.283693
6000	120	119	0.218	0	0:07:25.612204
6100	122	122	0.953	1	0:07:25.869176
6200	124	123	0.319	0	0:07:26.252439
6300	126	126	0.717	1	0:07:25.857921
6400	128	128	0.953	1	0:07:26.414833
6500	130	130	0.953	1	0:07:27.566033
6600	132	132	0.953	1	0:07:27.817552
6700	134	132	0.359	0	0:07:27.251976
6800	136	136	0.953	1	0:07:27.681278
6900	138	138	0.953	1	0:07:27.585023
7000	140	140	0.953	1	0:07:28.000183
7100	142	142	0.953	1	0:07:27.805637
7200	144	144	0.935	1	0:07:27.784706
7300	146	146	0.208	1	0:07:26.299007
7400	148	148	0.953	1	0:07:28.877610
7500	150	360	0.658	0	0:07:28.609839
7600	152	152	0.922	1	0:07:29.278270
7700	154	154	0.953	1	0:07:28.753772
7800	156	156	0.953	1	0:07:27.789452
7900	158	158	0.855	1	0:07:27.957679
8000	160	160	0.953	1	0:07:28.555826
8100	162	162	0.865	1	0:07:29.335421
8200	164	164	0.318	1	0:07:28.535367
8300	166	166	0.953	1	0:07:29.255234
8400	168	211	0.226	0	0:07:28.540220
8500	170	172	0.509	0	0:07:28.743708
8600	172	172	0.8	1	0:07:29.072964
8700	174	174	0.816	1	0:07:29.529602
8800	176	176	0.526	1	0:07:28.298356
8900	178	178	0.953	1	0:07:28.800882
9000	180	243	0.507	0	0:07:27.122346
9100	182	182	0.123	1	0:07:27.637764
9200	184	188	0.12	0	0:07:27.711771
9300	186	192	0.892	0	0:07:27.913983
9400	188	188	0.369	1	0:07:27.159300
9500	190	190	0.953	1	0:07:27.443058
9600	192	199	0.796	0	0:07:28.384919
9700	194	202	0.145	0	0:07:27.327932
9800	196	199	0.953	0	0:07:27.858008
9900	198	196	0.244	0	0:07:26.960110
10000	200	200	0.905	1	0:07:28.107823
10100	202	202	0.953	1	0:07:27.260463
10200	204	204	0.477	1	0:07:25.242895
10300	206	206	0.953	1	0:07:25.154878
10400	208	208	0.499	1	0:07:25.089743
10500	210	210	0.69	1	0:07:33.050683
10600	212	212	0.327	1	0:07:29.345675
10700	214	214	0.646	1	0:07:33.364713
10800	216	216	0.922	1	0:07:36.858990
10900	218	218	0.953	1	0:07:26.364773
11000	220	220	0.767	1	0:04:15.449840
11100	222	222	0.172	1	0:04:12.291099
11200	224	233	0.257	0	0:04:13.670393
11300	226	226	0.789	1	0:04:07.049682
11400	228	228	0.953	1	0:04:06.876422
11500	230	230	0.654	1	0:04:06.624869
11600	232	232	0.953	1	0:04:09.311280
11700	234	234	0.616	1	0:04:08.113065
11800	236	234	0.122	0	0:04:07.952194
11900	238	238	0.953	1	0:04:08.169467
12000	240	238	0.935	0	0:04:07.839072
12100	242	242	0.858	1	0:04:08.821790
12200	244	244	0.953	1	0:04:08.285260
12300	246	251	0.722	0	0:04:07.707157
12400	248	248	0.755	1	0:04:07.610602
12500	250	169	0.309	0	0:04:07.978329
12600	252	252	0.805	1	0:04:07.685532
12700	254	254	0.358	1	0:04:07.642155
12800	256	256	0.953	1	0:04:07.664239
12900	258	258	0.654	1	0:04:07.740071
13000	260	260	0.679	1	0:04:07.564372
13100	262	262	0.953	1	0:04:07.939692
13200	264	264	0.454	1	0:04:07.652136
13300	266	266	0.538	1	0:04:07.788847
13400	268	268	0.953	1	0:04:07.962854
13500	270	270	0.953	1	0:04:07.549990
13600	272	274	0.449	0	0:04:07.633543
13700	274	274	0.953	1	0:04:07.973401
13800	276	276	0.953	1	0:04:07.778122
13900	278	278	0.953	1	0:04:07.508138
14000	280	280	0.829	1	0:04:07.676584
14100	282	282	0.953	1	0:04:08.755704
14200	284	284	0.953	1	0:04:07.590026
14300	286	286	0.953	1	0:04:07.817345
14400	288	288	0.913	1	0:04:08.062535
14500	290	290	0.953	1	0:04:08.367211
14600	292	290	0.905	0	0:04:07.984293
14700	294	294	0.748	1	0:04:07.784509
14800	296	296	0.738	1	0:04:07.648492
14900	298	298	0.053	1	0:04:07.551843
15000	300	300	0.953	1	0:04:07.886070
15100	302	302	0.152	1	0:04:07.399138
15200	304	301	0.953	0	0:04:07.921905
15300	306	306	0.953	1	0:04:07.484648
15400	308	308	0.869	1	0:04:09.932985
15500	310	310	0.953	1	0:04:13.881942
15600	312	-1	0.0	0	0:04:05.499018
15700	314	314	0.905	1	0:04:11.868660
15800	316	316	0.953	1	0:04:14.114190
15900	318	318	0.633	1	0:04:12.027047
16000	320	320	0.953	1	0:04:16.293787
16100	322	322	0.898	1	0:04:11.919176
16200	324	324	0.953	1	0:04:12.981431
16300	326	326	0.953	1	0:04:11.351841
16400	328	328	0.953	1	0:04:07.917776
16500	330	330	0.633	1	0:04:07.789088
16600	332	153	0.0819	0	0:04:15.483497
16700	334	334	0.953	1	0:04:15.970369
16800	336	336	0.935	1	0:04:09.646415
16900	338	617	0.623	0	0:04:05.446220
17000	340	340	0.953	1	0:04:05.769626
17100	342	287	0.268	0	0:04:05.654394
17200	344	344	0.953	1	0:04:05.593360
17300	346	344	0.191	0	0:04:05.452702
17400	348	348	0.935	1	0:04:06.097343
17500	350	350	0.953	1	0:04:05.972087
17600	352	352	0.913	1	0:04:05.832793
17700	354	354	0.953	1	0:04:05.731024
17800	356	-1	0.0	0	0:04:05.417192
17900	358	359	0.438	0	0:04:05.379721
18000	360	360	0.922	1	0:04:05.544751
18100	362	362	0.953	1	0:04:05.807098
18200	364	364	0.821	1	0:04:05.502762
18300	366	366	0.537	1	0:04:05.713899
18400	368	368	0.953	1	0:04:06.095660
18500	370	370	0.953	1	0:04:05.952028
18600	372	372	0.627	1	0:04:05.511338
18700	374	374	0.0293	1	0:04:05.683671
18800	376	376	0.935	1	0:04:06.459951
18900	378	378	0.382	1	0:04:07.279722
19000	380	380	0.898	1	0:04:07.164726
19100	382	382	0.953	1	0:04:06.788431
19200	384	283	0.0582	0	0:04:06.896824
19300	386	101	0.767	0	0:04:06.571978
19400	388	388	0.668	1	0:04:06.030377
19500	390	390	0.935	1	0:04:06.355109
19600	392	397	0.741	0	0:04:06.816304
19700	394	-1	0.0	0	0:04:06.843000
19800	396	396	0.953	1	0:04:07.275190
19900	398	398	0.953	1	0:04:07.033242
20000	400	400	0.704	1	0:04:06.826761
20100	402	402	0.367	1	0:04:06.924287
20200	404	404	0.953	1	0:04:06.700468
20300	406	406	0.751	1	0:04:06.733909
20400	408	847	0.707	0	0:04:06.997581
20500	410	410	0.115	1	0:04:06.979116
20600	412	412	0.516	1	0:04:07.221626
20700	414	414	0.595	1	0:04:06.641296
20800	416	416	0.953	1	0:04:06.699469
20900	418	563	0.953	0	0:04:06.623332
21000	420	420	0.569	1	0:04:06.629528
21100	422	422	0.533	1	0:04:06.680312
21200	424	788	0.0577	0	0:04:06.695789
21300	426	426	0.953	1	0:04:06.676744
21400	428	428	0.953	1	0:04:06.667235
21500	430	430	0.682	1	0:04:06.581030
21600	432	432	0.953	1	0:04:06.390729
21700	434	434	0.0966	1	0:04:06.841116
21800	436	436	0.953	1	0:04:06.974493
21900	438	438	0.5	1	0:04:06.892235
22000	440	737	0.213	0	0:04:06.675750
22100	442	442	0.953	1	0:04:06.731651
22200	444	870	0.0947	0	0:04:06.819664
22300	446	446	0.953	1	0:04:06.621399
22400	448	448	0.755	1	0:04:07.356363
22500	450	407	0.283	0	0:04:06.570140
22600	452	452	0.953	1	0:04:06.823797
22700	454	454	0.953	1	0:04:06.955249
22800	456	522	0.0369	0	0:04:06.670686
22900	458	458	0.953	1	0:04:07.055196
23000	460	978	0.338	0	0:04:06.533627
23100	462	462	0.953	1	0:04:07.153327
23200	464	439	0.703	0	0:04:06.937131
23300	466	466	0.953	1	0:04:06.839850
23400	468	468	0.953	1	0:04:06.639605
23500	470	624	0.184	0	0:04:06.621858
23600	472	472	0.953	1	0:04:06.876019
23700	474	841	0.278	0	0:04:06.871664
23800	476	476	0.953	1	0:04:07.180751
23900	478	478	0.586	1	0:04:06.908541
24000	480	509	0.741	0	0:04:06.767493
24100	482	481	0.506	0	0:04:06.726624
24200	484	871	0.953	0	0:04:07.009832
24300	486	486	0.448	1	0:04:06.683353
24400	488	488	0.56	1	0:04:06.742766
24500	490	490	0.743	1	0:04:07.061961
24600	492	492	0.913	1	0:04:06.702906
24700	494	398	0.953	0	0:04:06.830015
24800	496	496	0.198	1	0:04:06.657304
24900	498	498	0.953	1	0:04:07.184424
25000	500	500	0.953	1	0:04:07.057437
25100	502	502	0.953	1	0:04:06.612347
25200	504	470	0.0822	0	0:04:06.320439
25300	506	506	0.818	1	0:04:06.876436
25400	508	508	0.953	1	0:04:07.074387
25500	510	510	0.953	1	0:04:06.920272
25600	512	740	0.473	0	0:04:06.724027
25700	514	514	0.953	1	0:04:06.929678
25800	516	431	0.207	0	0:04:06.906964
25900	518	518	0.953	1	0:04:06.679559
26000	520	520	0.953	1	0:04:08.127575
26100	522	522	0.953	1	0:04:16.714779
26200	524	461	0.769	0	0:04:13.988956
26300	526	526	0.39	1	0:04:07.403179
26400	528	478	0.0511	0	0:04:06.385844
26500	530	531	0.953	0	0:04:09.979148
26600	532	532	0.264	1	0:04:07.494378
26700	534	534	0.153	1	0:04:04.905481
26800	536	403	0.892	0	0:04:04.763331
26900	538	538	0.953	1	0:04:05.009108
27000	540	540	0.953	1	0:04:05.604664
27100	542	477	0.224	0	0:04:04.810284
27200	544	926	0.544	0	0:04:05.539352
27300	546	546	0.849	1	0:04:07.398434
27400	548	548	0.913	1	0:04:07.166595
27500	550	505	0.542	0	0:04:07.129902
27600	552	552	0.953	1	0:04:07.395165
27700	554	554	0.898	1	0:04:07.290471
27800	556	421	0.234	0	0:04:06.902960
27900	558	251	0.32	0	0:04:07.242089
28000	560	768	0.442	0	0:04:07.146703
28100	562	562	0.953	1	0:04:08.086418
28200	564	564	0.397	1	0:04:07.769354
28300	566	566	0.873	1	0:04:07.904624
28400	568	399	0.264	0	0:04:07.814737
28500	570	754	0.0204	0	0:04:07.725998
28600	572	418	0.274	0	0:04:07.458311
28700	574	574	0.953	1	0:04:07.586891
28800	576	576	0.221	1	0:04:07.991167
28900	578	578	0.672	1	0:04:07.613410
29000	580	738	0.953	0	0:04:08.055752
29100	582	582	0.0717	1	0:04:07.849515
29200	584	754	0.281	0	0:04:07.436356
29300	586	586	0.953	1	0:04:08.050404
29400	588	588	0.842	1	0:04:08.202115
29500	590	590	0.877	1	0:04:07.540328
29600	592	592	0.953	1	0:04:07.531666
29700	594	843	0.466	0	0:04:07.574206
29800	596	56	0.193	0	0:04:07.601789
29900	598	664	0.953	0	0:04:07.584794
30000	600	517	0.392	0	0:04:07.872653
30100	602	602	0.953	1	0:04:07.624114
30200	604	604	0.437	1	0:04:07.695254
30300	606	606	0.953	1	0:04:07.847705
30400	608	608	0.693	1	0:04:07.718605
30500	610	800	0.215	0	0:04:07.912147
30600	612	612	0.953	1	0:04:07.997839
30700	614	614	0.892	1	0:04:08.294748
30800	616	534	0.202	0	0:04:07.873482
30900	618	828	0.285	0	0:04:07.731784
31000	620	681	0.254	0	0:04:07.765410
31100	622	622	0.953	1	0:04:07.884905
31200	624	453	0.922	0	0:04:08.050136
31300	626	542	0.292	0	0:04:07.683510
31400	628	624	0.137	0	0:04:08.101342
31500	630	703	0.803	0	0:04:07.993802
31600	632	632	0.953	1	0:04:07.801224
31700	634	489	0.953	0	0:04:07.993431
31800	636	636	0.953	1	0:04:07.600480
31900	638	638	0.953	1	0:04:07.976081
32000	640	640	0.953	1	0:04:07.821148
32100	642	642	0.953	1	0:04:07.892425
32200	644	644	0.953	1	0:04:07.810645
32300	646	646	0.953	1	0:04:07.907380
32400	648	729	0.276	0	0:04:07.812179
32500	650	546	0.272	0	0:04:07.794793
32600	652	652	0.762	1	0:04:07.732686
32700	654	436	0.394	0	0:04:05.674932
32800	656	656	0.195	1	0:04:06.359184
32900	658	658	0.953	1	0:04:08.065027
33000	660	660	0.638	1	0:04:07.982224
33100	662	662	0.18	1	0:04:07.713952
33200	664	851	0.465	0	0:04:07.747249
33300	666	659	0.442	0	0:04:07.584796
33400	668	668	0.0834	1	0:04:07.777008
33500	670	670	0.953	1	0:04:08.168488
33600	672	672	0.436	1	0:04:08.129815
33700	674	674	0.47	1	0:04:07.682086
33800	676	560	0.104	0	0:04:07.883034
33900	678	678	0.953	1	0:04:07.835414
34000	680	793	0.0223	0	0:04:07.482473
34100	682	682	0.472	1	0:04:07.667052
34200	684	684	0.922	1	0:04:07.951582
34300	686	-1	0.0	0	0:04:07.570641
34400	688	688	0.953	1	0:04:07.987162
34500	690	690	0.296	1	0:04:08.162348
34600	692	-1	0.0	0	0:04:07.661911
34700	694	694	0.953	1	0:04:06.915363
34800	696	-1	0.0	0	0:04:06.486448
34900	698	698	0.265	1	0:04:06.604791
35000	700	700	0.6	1	0:04:06.790443
35100	702	422	0.953	0	0:04:06.948227
35200	704	704	0.849	1	0:04:06.927294
35300	706	536	0.353	0	0:04:06.604972
35400	708	682	0.953	0	0:04:06.521990
35500	710	710	0.538	1	0:04:06.818531
35600	712	622	0.125	0	0:04:06.931062
35700	714	714	0.723	1	0:04:06.736236
35800	716	716	0.953	1	0:04:06.648543
35900	718	449	0.39	0	0:04:06.375731
36000	720	720	0.513	1	0:04:06.784942
36100	722	722	0.953	1	0:04:06.754996
36200	724	780	0.953	0	0:04:07.024242
36300	726	726	0.953	1	0:04:07.119504
36400	728	728	0.161	1	0:04:06.568193
36500	730	856	0.953	0	0:04:06.684855
36600	732	732	0.953	1	0:04:07.160788
36700	734	734	0.953	1	0:04:06.255144
36800	736	736	0.953	1	0:04:05.606534
36900	738	738	0.795	1	0:04:05.637300
37000	740	796	0.0124	0	0:04:05.820858
37100	742	466	0.155	0	0:04:05.597538
37200	744	657	0.953	0	0:04:05.017986
37300	746	746	0.953	1	0:04:05.865433
37400	748	748	0.953	1	0:04:06.309507
37500	750	172	0.14	0	0:04:06.780213
37600	752	830	0.0495	0	0:04:07.060084
37700	754	848	0.639	0	0:04:06.402088
37800	756	756	0.953	1	0:04:07.288971
37900	758	758	0.716	1	0:04:07.340779
38000	760	651	0.258	0	0:04:06.774962
38100	762	762	0.608	1	0:04:06.735100
38200	764	593	0.187	0	0:04:06.605282
38300	766	766	0.913	1	0:04:06.961545
38400	768	768	0.722	1	0:04:06.531378
38500	770	770	0.335	1	0:04:06.822692
38600	772	772	0.905	1	0:04:06.566656
38700	774	774	0.935	1	0:04:06.678515
38800	776	683	0.365	0	0:04:06.594930
38900	778	707	0.443	0	0:04:06.638950
39000	780	780	0.333	1	0:04:06.433666
39100	782	664	0.922	0	0:04:06.344250
39200	784	505	0.248	0	0:04:06.729088
39300	786	513	0.0634	0	0:04:06.830534
39400	788	743	0.295	0	0:04:06.713925
39500	790	791	0.565	0	0:04:06.579248
39600	792	795	0.394	0	0:04:07.186484
39700	794	794	0.935	1	0:04:07.045145
39800	796	796	0.953	1	0:04:06.852389
39900	798	798	0.953	1	0:04:06.833242
40000	800	800	0.953	1	0:04:06.953194
40100	802	802	0.847	1	0:04:07.084791
40200	804	804	0.366	1	0:04:06.386985
40300	806	806	0.953	1	0:04:06.882138
40400	808	808	0.953	1	0:04:06.937038
40500	810	878	0.953	0	0:04:07.038201
40600	812	812	0.953	1	0:04:07.075300
40700	814	814	0.377	1	0:04:06.608777
40800	816	816	0.953	1	0:04:07.124685
40900	818	745	0.745	0	0:04:06.743467
41000	820	820	0.443	1	0:04:06.797379
41100	822	822	0.953	1	0:04:07.192063
41200	824	824	0.913	1	0:04:06.652197
41300	826	826	0.913	1	0:04:06.492821
41400	828	618	0.171	0	0:04:06.872580
41500	830	830	0.373	1	0:04:06.882284
41600	832	832	0.662	1	0:04:06.679838
41700	834	417	0.516	0	0:04:07.009768
41800	836	444	0.596	0	0:04:07.053612
41900	838	631	0.953	0	0:04:07.003544
42000	840	840	0.953	1	0:04:06.909642
42100	842	842	0.114	1	0:04:06.702777
42200	844	844	0.953	1	0:04:06.717629
42300	846	583	0.217	0	0:04:07.331837
42400	848	848	0.736	1	0:04:06.345501
42500	850	850	0.461	1	0:04:06.770720
42600	852	852	0.953	1	0:04:06.401275
42700	854	854	0.549	1	0:04:06.740387
42800	856	856	0.201	1	0:04:06.163236
42900	858	832	0.374	0	0:04:06.630067
43000	860	892	0.913	0	0:04:06.861417
43100	862	862	0.377	1	0:04:06.696354
43200	864	864	0.273	1	0:04:06.453223
43300	866	866	0.302	1	0:04:06.473461
43400	868	968	0.623	0	0:04:06.737660
43500	870	870	0.922	1	0:04:06.853037
43600	872	840	0.485	0	0:04:06.697157
43700	874	874	0.953	1	0:04:06.275287
43800	876	648	0.594	0	0:04:06.539631
43900	878	878	0.953	1	0:04:07.030341
44000	880	870	0.716	0	0:04:07.034856
44100	882	526	0.0871	0	0:04:06.457592
44200	884	884	0.953	1	0:04:06.771568
44300	886	886	0.953	1	0:04:06.607822
44400	888	718	0.953	0	0:04:06.458302
44500	890	890	0.935	1	0:04:06.937030
44600	892	442	0.68	0	0:04:07.032717
44700	894	894	0.953	1	0:04:08.184463
44800	896	896	0.525	1	0:04:10.956124
44900	898	508	0.0845	0	0:04:05.821252
45000	900	900	0.953	1	0:04:06.058960
45100	902	902	0.953	1	0:04:06.278439
45200	904	905	0.913	0	0:04:06.073056
45300	906	906	0.935	1	0:04:06.252867
45400	908	895	0.753	0	0:04:05.917843
45500	910	910	0.101	1	0:04:06.461515
45600	912	912	0.541	1	0:04:08.068492
45700	914	914	0.953	1	0:04:09.522463
45800	916	916	0.953	1	0:04:18.009701
45900	918	918	0.953	1	0:04:06.928459
46000	920	672	0.432	0	0:04:08.105873
46100	922	922	0.953	1	0:04:06.532452
46200	924	924	0.766	1	0:04:05.428569
46300	926	926	0.953	1	0:04:07.930877
46400	928	927	0.354	0	0:04:18.249810
46500	930	964	0.131	0	0:04:20.109973
46600	932	932	0.534	1	0:04:13.826664
46700	934	934	0.454	1	0:04:06.793462
46800	936	936	0.953	1	0:04:06.858402
46900	938	938	0.644	1	0:04:07.073766
47000	940	940	0.405	1	0:04:10.780801
47100	942	942	0.953	1	0:04:27.817727
47200	944	946	0.953	0	0:04:28.082431
47300	946	946	0.953	1	0:04:29.201112
47400	948	948	0.953	1	0:04:28.416137
47500	950	950	0.953	1	0:04:28.347459
47600	952	90	0.953	0	0:04:27.686149
47700	954	954	0.0418	1	0:04:28.555684
47800	956	956	0.953	1	0:04:28.662490
47900	958	483	0.755	0	0:04:28.013813
48000	960	960	0.784	1	0:04:27.769197
48100	962	962	0.953	1	0:04:29.016644
48200	964	961	0.314	0	0:04:28.544064
48300	966	630	0.532	0	0:04:28.161251
48400	968	968	0.953	1	0:04:28.264520
48500	970	795	0.953	0	0:04:27.871814
48600	972	979	0.953	0	0:04:28.287030
48700	974	974	0.953	1	0:04:28.491804
48800	976	724	0.1	0	0:04:28.456841
48900	978	701	0.326	0	0:04:27.969524
49000	980	980	0.953	1	0:04:28.216493
49100	982	982	0.953	1	0:04:28.339555
49200	984	984	0.953	1	0:04:28.477921
49300	986	986	0.953	1	0:04:28.689647
49400	988	988	0.679	1	0:04:28.639417
49500	990	990	0.502	1	0:04:28.329298
49600	992	992	0.953	1	0:04:28.518696
49700	994	994	0.953	1	0:04:28.092085
49800	996	996	0.892	1	0:04:28.889270
49900	998	998	0.953	1	0:04:28.237699
