0	0	394	0.484	0	0:04:49.352154
100	2	2	1.91	1	0:04:49.593705
200	4	130	0.199	0	0:04:48.712925
300	6	6	1.52	1	0:04:48.152158
400	8	8	1.73	1	0:04:49.492358
500	10	10	1.91	1	0:04:48.800073
600	12	12	0.316	1	0:04:48.868218
700	14	14	1.91	1	0:04:48.516696
800	16	16	1.28	1	0:04:49.194925
900	18	18	0.397	1	0:04:48.440168
1000	20	20	1.8	1	0:04:48.209147
1100	22	21	1.39	0	0:04:47.822015
1200	24	24	1.91	1	0:04:48.561700
1300	26	26	0.27	1	0:04:48.077212
1400	28	123	0.147	0	0:04:47.634528
1500	30	30	1.4	1	0:04:48.661677
1600	32	103	0.721	0	0:04:47.981220
1700	34	336	0.395	0	0:04:47.866814
1800	36	35	1.74	0	0:04:47.653908
1900	38	44	1.48	0	0:04:47.519332
2000	40	46	0.55	0	0:04:48.009807
2100	42	48	1.74	0	0:04:49.863266
2200	44	44	0.737	1	0:04:49.741760
2300	46	40	1.91	0	0:04:49.519579
2400	48	69	0.177	0	0:04:49.424667
2500	50	47	0.855	0	0:04:49.325111
2600	52	329	0.768	0	0:04:48.741772
2700	54	57	1.91	0	0:04:48.980742
2800	56	56	1.91	1	0:04:50.158038
2900	58	114	0.258	0	0:04:51.985837
3000	60	62	1.12	0	0:04:49.781785
3100	62	61	1.83	0	0:04:49.608268
3200	64	64	1.87	1	0:04:50.263340
3300	66	42	0.724	0	0:04:49.714325
3400	68	111	1.83	0	0:04:49.704474
3500	70	70	1.91	1	0:04:49.819017
3600	72	72	1.84	1	0:04:50.276191
3700	74	78	1.18	0	0:04:49.982588
3800	76	76	0.458	1	0:04:48.848440
3900	78	78	1.44	1	0:04:49.425092
4000	80	80	1.91	1	0:04:49.340527
4100	82	82	1.72	1	0:04:48.789564
4200	84	84	1.21	1	0:04:49.272505
4300	86	86	1.81	1	0:04:48.930289
4400	88	88	0.694	1	0:04:49.167783
4500	90	90	1.91	1	0:04:50.404769
4600	92	92	0.875	1	0:04:49.342516
4700	94	94	1.91	1	0:04:48.685634
4800	96	96	1.91	1	0:04:48.913248
4900	98	98	0.764	1	0:04:48.682713
5000	100	100	1.91	1	0:04:49.563664
5100	102	102	1.91	1	0:04:49.400302
5200	104	104	0.796	1	0:04:49.283643
5300	106	106	1.41	1	0:04:49.992365
5400	108	470	0.985	0	0:04:48.953332
5500	110	110	1.91	1	0:04:49.780179
5600	112	112	1.04	1	0:04:49.247878
5700	114	113	1.54	0	0:04:49.231378
5800	116	116	1.8	1	0:04:48.668328
5900	118	118	1.66	1	0:04:48.705711
6000	120	-1	0.0	0	0:04:50.045105
6100	122	122	1.87	1	0:04:49.100643
6200	124	123	0.876	0	0:04:49.308229
6300	126	126	0.517	1	0:04:49.465923
6400	128	128	1.91	1	0:04:49.642486
6500	130	130	1.58	1	0:04:49.342628
6600	132	132	1.91	1	0:04:49.341415
6700	134	132	0.991	0	0:04:48.809321
6800	136	136	1.91	1	0:04:49.174958
6900	138	138	1.91	1	0:04:50.156399
7000	140	140	1.91	1	0:04:49.526599
7100	142	135	0.594	0	0:04:49.788485
7200	144	331	0.109	0	0:04:49.332119
7300	146	-1	0.0	0	0:04:49.285409
7400	148	148	1.91	1	0:04:49.425914
7500	150	360	1.55	0	0:04:49.953157
7600	152	152	1.91	1	0:04:49.928430
7700	154	154	0.238	1	0:04:49.727110
7800	156	156	1.87	1	0:04:49.603912
7900	158	158	1.05	1	0:04:49.081738
8000	160	160	1.72	1	0:04:50.483938
8100	162	162	1.58	1	0:04:49.112041
8200	164	217	0.497	0	0:04:48.389283
8300	166	166	1.34	1	0:04:49.725717
8400	168	739	0.103	0	0:04:48.937730
8500	170	172	0.232	0	0:04:49.169007
8600	172	172	0.775	1	0:04:48.571567
8700	174	174	0.765	1	0:04:49.549415
8800	176	176	1.25	1	0:04:48.719213
8900	178	178	1.91	1	0:04:49.211867
9000	180	243	1.18	0	0:04:48.370632
9100	182	760	0.385	0	0:04:48.955582
9200	184	189	0.189	0	0:04:50.088485
9300	186	192	1.49	0	0:04:48.161359
9400	188	188	0.715	1	0:04:47.708018
9500	190	190	1.91	1	0:04:48.166885
9600	192	199	1.42	0	0:04:48.766580
9700	194	-1	0.0	0	0:04:49.569047
9800	196	199	1.83	0	0:04:48.608713
9900	198	198	0.885	1	0:04:48.341061
10000	200	200	0.387	1	0:04:48.557760
10100	202	202	1.22	1	0:04:48.753217
10200	204	204	1.3	1	0:04:49.440500
10300	206	206	1.34	1	0:05:00.322500
10400	208	208	0.388	1	0:05:00.487716
10500	210	210	1.33	1	0:04:51.542725
10600	212	177	0.45	0	0:04:52.388942
10700	214	197	0.168	0	0:04:50.395013
10800	216	216	1.58	1	0:04:51.155214
10900	218	218	1.91	1	0:04:51.546562
11000	220	220	1.55	1	0:04:51.642720
11100	222	270	0.189	0	0:04:50.155330
11200	224	233	0.44	0	0:04:47.485705
11300	226	226	1.8	1	0:04:48.319300
11400	228	228	1.39	1	0:04:48.761795
11500	230	231	1.4	0	0:04:48.992031
11600	232	232	1.29	1	0:04:49.206877
11700	234	234	0.489	1	0:04:48.376887
11800	236	234	0.405	0	0:04:49.187036
11900	238	238	1.77	1	0:04:49.049136
12000	240	238	1.91	0	0:04:48.494424
12100	242	242	0.751	1	0:04:48.973331
12200	244	244	1.91	1	0:04:48.815761
12300	246	245	0.178	0	0:04:48.275669
12400	248	249	0.636	0	0:04:48.197636
12500	250	269	0.227	0	0:04:48.591096
12600	252	252	0.433	1	0:04:51.790171
12700	254	245	0.559	0	0:04:52.777448
12800	256	256	1.83	1	0:04:52.432679
12900	258	258	0.921	1	0:04:51.852667
13000	260	260	1.2	1	0:04:52.074754
13100	262	262	1.91	1	0:04:52.169834
13200	264	264	0.575	1	0:04:51.757789
13300	266	266	1.83	1	0:04:51.109054
13400	268	268	1.91	1	0:04:51.895905
13500	270	270	1.91	1	0:04:48.257960
13600	272	277	0.935	0	0:04:47.945364
13700	274	274	1.91	1	0:04:47.939911
13800	276	276	1.91	1	0:04:49.330413
13900	278	277	1.78	0	0:04:48.883746
14000	280	280	1.78	1	0:04:49.062483
14100	282	281	1.83	0	0:04:49.522879
14200	284	284	1.91	1	0:04:49.404293
14300	286	286	1.91	1	0:04:49.483438
14400	288	288	1.87	1	0:04:49.360039
14500	290	290	1.91	1	0:04:48.859005
14600	292	290	1.91	0	0:04:48.684132
14700	294	294	1.87	1	0:04:48.913164
14800	296	296	0.478	1	0:04:48.773016
14900	298	649	0.0463	0	0:04:48.630096
15000	300	300	1.91	1	0:04:48.972484
15100	302	310	0.24	0	0:04:48.771495
15200	304	989	0.179	0	0:04:48.989514
15300	306	306	1.0	1	0:04:48.922137
15400	308	308	0.603	1	0:04:48.998951
15500	310	310	1.91	1	0:04:49.012134
15600	312	51	0.0869	0	0:04:48.486588
15700	314	314	0.591	1	0:04:48.076200
15800	316	316	1.91	1	0:04:49.384734
15900	318	318	1.31	1	0:04:49.635284
16000	320	320	1.91	1	0:04:49.192283
16100	322	322	1.7	1	0:04:49.716584
16200	324	324	1.91	1	0:04:49.111279
16300	326	326	1.83	1	0:04:48.393277
16400	328	328	1.91	1	0:04:49.363623
16500	330	331	0.421	0	0:04:48.812140
16600	332	333	0.564	0	0:04:48.489801
16700	334	334	1.52	1	0:04:48.848401
16800	336	336	0.478	1	0:04:49.312790
16900	338	617	0.287	0	0:04:48.889757
17000	340	340	1.91	1	0:04:48.531222
17100	342	373	0.444	0	0:04:49.308801
17200	344	344	1.0	1	0:04:48.823367
17300	346	346	0.373	1	0:04:48.544900
17400	348	348	1.91	1	0:04:48.584902
17500	350	350	1.91	1	0:04:49.070686
17600	352	352	1.45	1	0:04:48.836473
17700	354	354	1.59	1	0:04:49.129650
17800	356	358	0.593	0	0:04:48.309199
17900	358	359	1.63	0	0:04:49.527093
18000	360	360	1.8	1	0:04:48.923118
18100	362	362	1.91	1	0:04:49.033672
18200	364	364	1.81	1	0:04:49.479881
18300	366	366	0.701	1	0:04:49.039963
18400	368	368	1.43	1	0:04:48.707214
18500	370	370	1.91	1	0:04:48.766730
18600	372	372	1.18	1	0:04:48.442672
18700	374	367	0.528	0	0:04:49.419085
18800	376	376	1.45	1	0:04:49.126992
18900	378	378	0.416	1	0:04:48.634170
19000	380	380	1.25	1	0:04:49.086487
19100	382	382	1.91	1	0:04:49.400404
19200	384	-1	0.0	0	0:04:48.327351
19300	386	386	1.39	1	0:04:48.572778
19400	388	388	1.84	1	0:04:48.440961
19500	390	390	1.91	1	0:04:48.985344
19600	392	397	1.47	0	0:04:48.369535
19700	394	395	0.493	0	0:04:49.051259
19800	396	396	1.91	1	0:04:48.361125
19900	398	398	1.91	1	0:04:49.647151
20000	400	400	1.04	1	0:04:48.825958
20100	402	990	0.15	0	0:04:48.927424
20200	404	404	1.91	1	0:04:48.714424
20300	406	406	0.946	1	0:04:49.468422
20400	408	847	0.761	0	0:04:50.064907
20500	410	849	0.023	0	0:04:49.826010
20600	412	412	1.43	1	0:04:49.133430
20700	414	414	1.62	1	0:04:50.137426
20800	416	416	1.91	1	0:04:50.670263
20900	418	563	1.63	0	0:04:50.384456
21000	420	420	0.915	1	0:04:51.091725
21100	422	543	0.271	0	0:04:50.280556
21200	424	424	1.05	1	0:04:51.233762
21300	426	426	1.91	1	0:04:50.495192
21400	428	428	1.91	1	0:04:50.239258
21500	430	430	1.03	1	0:04:49.805917
21600	432	432	1.91	1	0:04:50.156883
21700	434	911	0.148	0	0:04:49.576930
21800	436	436	1.91	1	0:04:50.340050
21900	438	647	0.524	0	0:04:50.896680
22000	440	-1	0.0	0	0:04:50.010482
22100	442	442	1.91	1	0:04:49.243746
22200	444	490	0.244	0	0:04:48.693942
22300	446	446	1.41	1	0:04:49.923316
22400	448	448	0.495	1	0:04:48.973510
22500	450	450	0.229	1	0:04:49.019960
22600	452	452	1.38	1	0:04:49.720529
22700	454	454	1.73	1	0:04:48.797531
22800	456	522	1.72	0	0:04:49.204974
22900	458	458	0.463	1	0:04:49.606807
23000	460	978	0.912	0	0:04:51.518973
23100	462	462	0.393	1	0:04:51.047641
23200	464	674	0.685	0	0:04:56.549966
23300	466	466	1.91	1	0:04:56.120030
23400	468	468	1.91	1	0:04:49.274290
23500	470	832	1.1	0	0:04:49.392487
23600	472	472	1.91	1	0:04:49.633225
23700	474	735	0.989	0	0:04:48.629466
23800	476	476	1.38	1	0:04:48.559473
23900	478	526	1.42	0	0:04:48.894092
24000	480	877	0.2	0	0:04:49.133544
24100	482	788	1.37	0	0:04:48.767226
24200	484	871	1.91	0	0:04:48.934921
24300	486	889	1.38	0	0:04:48.796261
24400	488	649	0.637	0	0:04:49.634133
24500	490	490	0.694	1	0:04:49.549324
24600	492	492	1.13	1	0:04:49.519701
24700	494	543	0.494	0	0:04:49.204054
24800	496	411	0.59	0	0:04:49.101818
24900	498	498	1.91	1	0:04:50.036500
25000	500	500	1.91	1	0:04:48.865168
25100	502	502	1.76	1	0:04:49.752791
25200	504	470	0.555	0	0:04:48.831457
25300	506	506	1.56	1	0:04:48.141858
25400	508	508	1.91	1	0:04:49.342012
25500	510	510	1.91	1	0:04:48.532695
25600	512	589	0.689	0	0:04:49.863500
25700	514	514	1.91	1	0:04:48.564936
25800	516	750	0.216	0	0:04:49.650232
25900	518	518	1.91	1	0:04:49.417807
26000	520	520	1.75	1	0:04:49.173005
26100	522	522	1.78	1	0:04:49.290695
26200	524	728	0.503	0	0:04:48.213398
26300	526	526	0.971	1	0:04:48.263365
26400	528	478	0.295	0	0:04:48.658919
26500	530	531	0.918	0	0:04:48.612855
26600	532	846	0.536	0	0:04:48.157047
26700	534	-1	0.0	0	0:04:48.741994
26800	536	403	1.09	0	0:04:48.011822
26900	538	538	1.91	1	0:04:48.745838
27000	540	540	1.91	1	0:04:47.978793
27100	542	477	0.578	0	0:04:47.770435
27200	544	926	0.841	0	0:04:49.921739
27300	546	546	1.91	1	0:04:48.440352
27400	548	548	1.91	1	0:04:48.489197
27500	550	550	0.685	1	0:04:48.630608
27600	552	552	1.91	1	0:04:48.106035
27700	554	554	1.53	1	0:04:47.787546
27800	556	703	0.558	0	0:04:47.995047
27900	558	212	0.311	0	0:04:47.772323
28000	560	746	0.357	0	0:04:48.114491
28100	562	562	1.91	1	0:04:49.020066
28200	564	669	0.808	0	0:04:47.945489
28300	566	566	1.03	1	0:04:48.513699
28400	568	399	1.28	0	0:04:48.884607
28500	570	613	0.682	0	0:04:48.492268
28600	572	840	0.202	0	0:04:48.283509
28700	574	574	1.91	1	0:04:48.061186
28800	576	972	0.496	0	0:04:48.006397
28900	578	578	1.47	1	0:04:48.971124
29000	580	738	1.25	0	0:04:49.309974
29100	582	778	0.00974	0	0:04:49.143070
29200	584	732	1.12	0	0:04:48.968324
29300	586	586	1.57	1	0:04:48.549078
29400	588	588	1.83	1	0:04:49.699859
29500	590	590	1.91	1	0:04:48.758032
29600	592	592	1.15	1	0:04:49.298640
29700	594	880	0.174	0	0:04:49.291998
29800	596	825	0.384	0	0:04:47.717180
29900	598	598	0.818	1	0:04:48.866061
30000	600	517	0.799	0	0:04:48.977972
30100	602	602	1.91	1	0:04:48.067153
30200	604	906	0.141	0	0:04:49.307938
30300	606	606	1.91	1	0:04:25.897670
30400	608	523	0.349	0	0:04:16.610983
30500	610	610	0.776	1	0:06:40.510083
30600	612	612	1.91	1	0:07:29.150025
30700	614	614	1.34	1	0:07:29.098663
30800	616	822	0.235	0	0:07:28.676538
30900	618	828	0.375	0	0:07:29.005862
31000	620	620	0.337	1	0:07:28.046326
31100	622	622	1.91	1	0:07:27.436890
31200	624	765	0.225	0	0:07:28.089810
31300	626	692	0.857	0	0:07:28.057705
31400	628	624	0.218	0	0:07:27.062768
31500	630	703	1.16	0	0:07:28.270669
31600	632	632	1.87	1	0:07:27.506174
31700	634	489	1.91	0	0:07:27.792212
31800	636	636	1.91	1	0:07:28.470656
31900	638	638	1.14	1	0:04:18.338044
32000	640	640	1.91	1	0:04:19.294235
32100	642	642	1.91	1	0:04:16.849421
32200	644	644	1.84	1	0:04:16.781132
32300	646	646	1.91	1	0:04:16.572348
32400	648	553	0.722	0	0:04:16.614174
32500	650	546	0.524	0	0:04:16.630182
32600	652	652	0.898	1	0:04:16.742584
32700	654	656	0.964	0	0:04:16.823076
32800	656	656	1.07	1	0:04:22.692474
32900	658	658	1.91	1	0:04:18.743551
33000	660	660	1.8	1	0:04:16.727559
33100	662	742	0.62	0	0:04:16.498600
33200	664	851	1.71	0	0:04:16.860036
33300	666	659	1.75	0	0:04:16.696919
33400	668	124	0.729	0	0:04:16.759537
33500	670	670	1.43	1	0:04:16.594401
33600	672	979	0.222	0	0:04:16.541346
33700	674	354	0.126	0	0:04:16.735962
33800	676	560	0.187	0	0:04:16.695453
33900	678	678	1.91	1	0:04:16.827475
34000	680	78	0.276	0	0:04:16.759130
34100	682	682	1.84	1	0:04:16.773026
34200	684	684	1.87	1	0:04:16.601073
34300	686	686	0.414	1	0:04:16.720718
34400	688	688	1.91	1	0:04:17.287642
34500	690	690	1.77	1	0:04:16.660903
34600	692	781	0.35	0	0:04:16.622445
34700	694	694	1.91	1	0:04:16.505451
34800	696	297	0.00108	0	0:04:16.685680
34900	698	663	1.91	0	0:04:16.868712
35000	700	831	0.703	0	0:04:16.615619
35100	702	602	1.38	0	0:04:16.604114
35200	704	704	0.542	1	0:04:16.500621
35300	706	706	0.445	1	0:04:16.648811
35400	708	682	1.34	0	0:04:16.508772
35500	710	710	0.501	1	0:04:16.616987
35600	712	891	0.531	0	0:04:16.604203
35700	714	714	1.87	1	0:04:16.580647
35800	716	716	1.72	1	0:04:16.788573
35900	718	449	1.11	0	0:04:16.812888
36000	720	951	1.67	0	0:04:16.652107
36100	722	722	1.91	1	0:04:16.493062
36200	724	780	1.91	0	0:04:16.719781
36300	726	726	1.91	1	0:04:16.731174
36400	728	728	1.65	1	0:04:16.499626
36500	730	730	0.488	1	0:04:16.530692
36600	732	732	1.64	1	0:04:16.608554
36700	734	734	1.84	1	0:04:16.685065
36800	736	736	1.91	1	0:04:16.677251
36900	738	738	1.42	1	0:04:16.786556
37000	740	617	0.576	0	0:04:16.562501
37100	742	669	0.0223	0	0:04:16.745228
37200	744	657	1.91	0	0:04:17.437558
37300	746	746	1.91	1	0:04:16.541657
37400	748	748	1.31	1	0:04:16.690784
37500	750	208	0.567	0	0:04:16.710628
37600	752	765	1.13	0	0:04:17.010772
37700	754	627	0.214	0	0:04:16.829280
37800	756	756	1.49	1	0:04:16.571840
37900	758	758	0.444	1	0:04:16.575700
38000	760	799	0.495	0	0:04:16.654448
38100	762	762	1.52	1	0:04:16.824100
38200	764	650	0.702	0	0:04:16.620067
38300	766	766	1.49	1	0:04:20.102664
38400	768	768	0.553	1	0:04:20.951227
38500	770	770	0.258	1	0:04:21.991732
38600	772	772	0.633	1	0:04:32.967835
38700	774	774	1.34	1	0:04:28.564645
38800	776	875	1.2	0	0:04:26.300417
38900	778	480	0.274	0	0:04:22.333691
39000	780	484	0.359	0	0:04:17.156784
39100	782	664	1.91	0	0:04:18.937628
39200	784	828	1.03	0	0:04:16.798151
39300	786	401	0.0392	0	0:04:16.588159
39400	788	422	0.426	0	0:04:17.505928
39500	790	791	0.821	0	0:04:16.649453
39600	792	792	0.497	1	0:04:16.741914
39700	794	794	1.64	1	0:04:16.611264
39800	796	796	1.91	1	0:04:24.156351
39900	798	798	1.91	1	0:04:17.184433
40000	800	800	1.91	1	0:04:16.752317
40100	802	803	0.246	0	0:04:17.384616
40200	804	804	0.642	1	0:04:16.780871
40300	806	806	1.91	1	0:04:16.621226
40400	808	502	0.496	0	0:07:01.419485
40500	810	878	1.91	0	0:07:27.002103
40600	812	812	1.91	1	0:07:27.167897
40700	814	554	0.923	0	0:07:27.077067
40800	816	816	1.91	1	0:07:27.851115
40900	818	758	0.272	0	0:07:27.086367
41000	820	820	0.668	1	0:07:27.475445
41100	822	822	1.91	1	0:07:28.091121
41200	824	824	1.43	1	0:07:27.883103
41300	826	826	1.5	1	0:07:27.610438
41400	828	633	0.693	0	0:07:28.116931
41500	830	830	0.675	1	0:07:28.362242
41600	832	832	1.42	1	0:07:28.349361
41700	834	834	1.91	1	0:07:27.528940
41800	836	791	0.0944	0	0:07:27.809856
41900	838	631	1.3	0	0:07:27.563427
42000	840	840	1.87	1	0:07:27.735554
42100	842	842	0.612	1	0:07:27.341877
42200	844	844	1.91	1	0:07:28.349733
42300	846	846	0.494	1	0:07:26.955992
42400	848	598	1.08	0	0:07:27.486222
42500	850	850	0.649	1	0:07:27.863830
42600	852	852	1.91	1	0:07:28.159908
42700	854	854	0.725	1	0:07:27.510700
42800	856	856	1.32	1	0:07:26.609499
42900	858	448	0.894	0	0:07:27.076829
43000	860	892	0.687	0	0:07:27.888108
43100	862	862	1.28	1	0:07:27.805866
43200	864	-1	0.0	0	0:07:27.407882
43300	866	866	0.0744	1	0:07:25.269973
43400	868	967	0.769	0	0:07:28.158842
43500	870	870	1.03	1	0:07:29.306130
43600	872	840	1.52	0	0:07:26.859736
43700	874	874	1.91	1	0:07:26.720546
43800	876	648	0.451	0	0:07:26.648160
43900	878	878	1.72	1	0:07:26.875055
44000	880	870	0.743	0	0:07:26.911268
44100	882	423	0.0972	0	0:07:27.249076
44200	884	884	1.78	1	0:07:26.160976
44300	886	886	1.22	1	0:07:26.469500
44400	888	718	1.71	0	0:07:26.608422
44500	890	890	1.26	1	0:07:26.384069
44600	892	442	0.666	0	0:07:26.854512
44700	894	894	1.83	1	0:07:25.969571
44800	896	896	0.911	1	0:07:26.415910
44900	898	458	0.717	0	0:07:26.772916
45000	900	900	1.91	1	0:07:25.949306
45100	902	902	1.91	1	0:07:26.679485
45200	904	905	1.71	0	0:07:26.423532
45300	906	906	1.84	1	0:07:26.919892
45400	908	895	1.73	0	0:07:27.039077
45500	910	641	1.55	0	0:07:27.535100
45600	912	912	0.853	1	0:07:27.837872
45700	914	914	1.87	1	0:07:27.298115
45800	916	916	1.91	1	0:07:27.699454
45900	918	918	1.91	1	0:07:27.923285
46000	920	920	0.0956	1	0:07:28.326855
46100	922	922	1.91	1	0:07:27.893537
46200	924	924	1.75	1	0:07:27.838289
46300	926	926	1.91	1	0:07:26.924178
46400	928	99	0.0534	0	0:07:28.564477
46500	930	964	0.92	0	0:07:28.758062
46600	932	932	1.05	1	0:07:29.234536
46700	934	937	0.514	0	0:07:28.834846
46800	936	936	1.58	1	0:07:27.849153
46900	938	937	1.43	0	0:07:27.708245
47000	940	940	1.46	1	0:07:28.709507
47100	942	942	1.91	1	0:07:29.291999
47200	944	946	1.91	0	0:07:28.644263
47300	946	946	1.91	1	0:07:29.314011
47400	948	948	1.91	1	0:07:28.724061
47500	950	950	1.91	1	0:07:28.741283
47600	952	90	1.91	0	0:07:28.919377
47700	954	955	0.266	0	0:07:29.589008
47800	956	956	1.76	1	0:07:28.392033
47900	958	663	1.01	0	0:07:28.584968
48000	960	960	0.664	1	0:07:27.598530
48100	962	962	0.79	1	0:07:27.492276
48200	964	964	0.452	1	0:07:27.758443
48300	966	630	0.273	0	0:07:27.902044
48400	968	968	1.17	1	0:07:27.197872
48500	970	795	1.75	0	0:07:27.346265
48600	972	979	1.64	0	0:07:28.409115
48700	974	974	1.91	1	0:07:27.484190
48800	976	972	0.813	0	0:07:27.535814
48900	978	693	0.144	0	0:07:27.347613
49000	980	980	1.91	1	0:07:27.962430
49100	982	982	1.91	1	0:07:27.327372
49200	984	984	1.91	1	0:07:25.712582
49300	986	986	1.91	1	0:07:25.375309
49400	988	112	0.428	0	0:07:26.211443
49500	990	990	0.631	1	0:07:38.284225
49600	992	992	1.76	1	0:07:36.695757
49700	994	994	1.91	1	0:07:33.901192
49800	996	996	0.534	1	0:07:37.832068
49900	998	987	1.91	0	0:07:37.535291
