0	0	394	1.25	0	0:04:14.057289
100	2	2	3.4	1	0:04:09.457900
200	4	120	0.0544	0	0:04:08.524165
300	6	6	1.96	1	0:04:08.293007
400	8	8	1.54	1	0:04:08.208648
500	10	10	3.25	1	0:04:08.650335
600	12	835	1.36	0	0:04:08.452765
700	14	14	3.74	1	0:04:08.531975
800	16	16	2.19	1	0:04:08.521581
900	18	99	2.2	0	0:04:08.731017
1000	20	20	2.87	1	0:04:09.603852
1100	22	21	1.84	0	0:04:08.884154
1200	24	24	3.81	1	0:04:10.881711
1300	26	26	1.45	1	0:04:08.280800
1400	28	76	1.03	0	0:04:08.526155
1500	30	30	3.08	1	0:04:08.293746
1600	32	103	1.25	0	0:04:08.273512
1700	34	76	0.267	0	0:04:08.330723
1800	36	35	3.49	0	0:04:08.287550
1900	38	44	2.62	0	0:04:08.165981
2000	40	46	0.921	0	0:04:08.445162
2100	42	48	1.5	0	0:04:08.246779
2200	44	44	3.12	1	0:04:07.868791
2300	46	40	3.42	0	0:04:07.321681
2400	48	69	0.915	0	0:04:08.255664
2500	50	47	1.83	0	0:04:08.569580
2600	52	329	1.88	0	0:04:07.898438
2700	54	57	3.74	0	0:04:08.807682
2800	56	56	3.81	1	0:04:09.114282
2900	58	114	1.07	0	0:04:08.730088
3000	60	61	3.69	0	0:04:08.617014
3100	62	61	2.52	0	0:04:08.461297
3200	64	64	3.08	1	0:04:08.284492
3300	66	42	0.321	0	0:04:08.450493
3400	68	111	3.28	0	0:04:08.688334
3500	70	70	3.81	1	0:04:08.845296
3600	72	72	3.55	1	0:04:08.111566
3700	74	78	1.1	0	0:04:08.614922
3800	76	76	1.18	1	0:04:08.281970
3900	78	78	1.52	1	0:04:08.278020
4000	80	80	3.81	1	0:04:08.926562
4100	82	82	2.64	1	0:04:08.672544
4200	84	108	0.527	0	0:04:08.614032
4300	86	83	0.873	0	0:04:08.136203
4400	88	954	1.63	0	0:04:08.451374
4500	90	90	2.54	1	0:04:08.442459
4600	92	14	1.46	0	0:04:07.615257
4700	94	94	3.51	1	0:04:07.858212
4800	96	96	3.81	1	0:04:08.065978
4900	98	98	0.785	1	0:04:06.907052
5000	100	100	3.81	1	0:04:07.890787
5100	102	316	0.559	0	0:04:07.244268
5200	104	342	2.62	0	0:04:06.983226
5300	106	106	3.46	1	0:04:07.588582
5400	108	470	1.49	0	0:04:07.728307
5500	110	110	3.4	1	0:04:07.542898
5600	112	112	0.962	1	0:04:07.360906
5700	114	113	2.39	0	0:04:08.021013
5800	116	116	3.53	1	0:04:08.341369
5900	118	118	2.55	1	0:04:07.162331
6000	120	316	1.45	0	0:04:07.442406
6100	122	122	3.74	1	0:04:07.917854
6200	124	314	1.07	0	0:04:07.732585
6300	126	363	0.761	0	0:04:07.297602
6400	128	128	3.81	1	0:04:07.640612
6500	130	130	1.2	1	0:04:07.986547
6600	132	132	2.91	1	0:04:08.526436
6700	134	132	1.43	0	0:04:08.330213
6800	136	136	3.81	1	0:04:08.682706
6900	138	138	1.93	1	0:04:08.660447
7000	140	140	3.81	1	0:04:08.557239
7100	142	133	1.91	0	0:04:08.269723
7200	144	331	2.5	0	0:04:07.928204
7300	146	83	0.415	0	0:04:08.399538
7400	148	148	3.81	1	0:04:08.449719
7500	150	360	1.28	0	0:04:08.603991
7600	152	152	2.8	1	0:04:08.785316
7700	154	260	2.17	0	0:04:08.444453
7800	156	156	3.69	1	0:04:08.421533
7900	158	158	1.65	1	0:04:08.064207
8000	160	160	1.92	1	0:04:08.055662
8100	162	162	1.95	1	0:04:08.161761
8200	164	217	1.61	0	0:04:07.936216
8300	166	162	2.82	0	0:04:08.363963
8400	168	739	1.12	0	0:04:08.659245
8500	170	176	0.446	0	0:04:08.016833
8600	172	172	1.68	1	0:04:08.214000
8700	174	254	1.3	0	0:04:08.169634
8800	176	176	2.59	1	0:04:08.166537
8900	178	178	3.31	1	0:04:08.549763
9000	180	243	0.688	0	0:04:08.393961
9100	182	760	2.42	0	0:04:08.227801
9200	184	188	0.558	0	0:04:08.516119
9300	186	192	1.96	0	0:04:08.147286
9400	188	181	0.644	0	0:04:08.553069
9500	190	190	3.81	1	0:04:08.732857
9600	192	199	0.94	0	0:04:08.742820
9700	194	385	0.505	0	0:04:08.205691
9800	196	199	1.81	0	0:04:08.366240
9900	198	194	1.4	0	0:04:08.527079
10000	200	200	1.96	1	0:04:08.491454
10100	202	202	2.27	1	0:04:08.199547
10200	204	204	3.57	1	0:04:08.313887
10300	206	213	0.73	0	0:04:08.423877
10400	208	210	1.26	0	0:04:08.650089
10500	210	210	2.36	1	0:04:08.604159
10600	212	198	1.12	0	0:04:08.265290
10700	214	197	1.23	0	0:04:08.445028
10800	216	216	1.11	1	0:04:08.414019
10900	218	218	3.81	1	0:04:08.649019
11000	220	220	2.52	1	0:04:08.455919
11100	222	296	0.718	0	0:04:08.404408
11200	224	233	0.805	0	0:04:08.453093
11300	226	226	2.76	1	0:04:08.044676
11400	228	228	0.98	1	0:04:08.307812
11500	230	230	3.74	1	0:04:08.039997
11600	232	232	1.48	1	0:04:08.356503
11700	234	205	2.11	0	0:04:07.871783
11800	236	522	0.361	0	0:04:08.533531
11900	238	241	3.02	0	0:04:08.627295
12000	240	238	2.9	0	0:04:08.232984
12100	242	172	1.88	0	0:04:08.384331
12200	244	244	2.97	1	0:04:08.841884
12300	246	212	1.73	0	0:04:08.448292
12400	248	248	3.74	1	0:04:08.663765
12500	250	269	1.08	0	0:04:08.515262
12600	252	252	1.08	1	0:04:08.432299
12700	254	197	0.535	0	0:04:08.266191
12800	256	256	3.81	1	0:04:08.616460
12900	258	232	1.02	0	0:04:08.231579
13000	260	260	3.1	1	0:04:08.776992
13100	262	262	3.46	1	0:04:08.724620
13200	264	264	2.54	1	0:04:08.459296
13300	266	266	2.95	1	0:04:08.122750
13400	268	268	2.32	1	0:04:08.533709
13500	270	270	3.14	1	0:04:08.214489
13600	272	277	1.09	0	0:04:08.280398
13700	274	274	3.14	1	0:04:08.500507
13800	276	276	3.36	1	0:04:08.753541
13900	278	278	3.18	1	0:04:08.304780
14000	280	280	2.66	1	0:04:08.566428
14100	282	281	2.68	0	0:04:08.506915
14200	284	284	3.81	1	0:04:08.925920
14300	286	286	3.81	1	0:04:08.811491
14400	288	288	2.72	1	0:04:08.361335
14500	290	290	3.81	1	0:04:08.115302
14600	292	290	3.81	0	0:04:08.191264
14700	294	294	3.62	1	0:04:08.581458
14800	296	296	1.01	1	0:04:08.303230
14900	298	346	1.12	0	0:04:08.331972
15000	300	300	2.48	1	0:04:08.422956
15100	302	310	1.09	0	0:04:08.106491
15200	304	989	1.25	0	0:04:08.450353
15300	306	316	0.811	0	0:04:07.918581
15400	308	303	1.96	0	0:04:08.106433
15500	310	310	2.34	1	0:04:08.495899
15600	312	183	0.677	0	0:04:08.217891
15700	314	304	3.47	0	0:04:07.852238
15800	316	316	2.81	1	0:04:08.651021
15900	318	324	1.06	0	0:04:08.341554
16000	320	320	3.81	1	0:04:08.832833
16100	322	309	1.83	0	0:04:08.207884
16200	324	324	3.81	1	0:04:08.847810
16300	326	326	3.14	1	0:04:08.303621
16400	328	328	3.81	1	0:04:08.737013
16500	330	343	0.906	0	0:04:08.131116
16600	332	265	1.8	0	0:04:08.290827
16700	334	334	1.36	1	0:04:08.392070
16800	336	373	1.7	0	0:04:08.449755
16900	338	617	2.02	0	0:04:08.251188
17000	340	340	3.81	1	0:04:08.820957
17100	342	373	1.95	0	0:04:07.957432
17200	344	344	1.56	1	0:04:08.351206
17300	346	346	1.08	1	0:04:08.201538
17400	348	350	1.34	0	0:04:07.962659
17500	350	350	3.81	1	0:04:08.643147
17600	352	352	1.65	1	0:04:08.290674
17700	354	354	1.57	1	0:04:08.068318
17800	356	329	0.315	0	0:04:08.448889
17900	358	359	3.74	0	0:04:08.175599
18000	360	360	1.45	1	0:04:08.404944
18100	362	362	3.81	1	0:04:08.883320
18200	364	364	2.74	1	0:04:08.766106
18300	366	366	1.03	1	0:04:08.347626
18400	368	368	1.0	1	0:04:08.291546
18500	370	370	3.81	1	0:04:08.408055
18600	372	372	1.6	1	0:04:08.038144
18700	374	367	1.4	0	0:04:08.340493
18800	376	376	2.01	1	0:04:08.661425
18900	378	244	0.535	0	0:04:08.471157
19000	380	380	2.06	1	0:04:08.243984
19100	382	382	2.58	1	0:04:08.327741
19200	384	284	1.03	0	0:04:08.182769
19300	386	101	2.66	0	0:04:08.344497
19400	388	388	2.54	1	0:04:08.327899
19500	390	392	1.75	0	0:04:08.255479
19600	392	397	3.69	0	0:04:08.347892
19700	394	858	0.911	0	0:04:08.124084
19800	396	396	3.81	1	0:04:08.231976
19900	398	398	3.21	1	0:04:08.603381
20000	400	400	2.44	1	0:04:08.292448
20100	402	990	1.32	0	0:04:08.301792
20200	404	404	3.49	1	0:04:08.785570
20300	406	406	0.952	1	0:04:08.120056
20400	408	825	0.667	0	0:04:08.554250
20500	410	-1	0.0	0	0:04:08.192529
20600	412	412	2.66	1	0:04:08.302737
20700	414	414	3.15	1	0:04:07.896960
20800	416	416	3.81	1	0:04:08.328485
20900	418	563	2.51	0	0:04:08.146481
21000	420	457	0.858	0	0:04:08.971003
21100	422	604	0.275	0	0:04:08.631434
21200	424	424	1.77	1	0:04:08.158125
21300	426	426	3.51	1	0:04:08.711133
21400	428	428	2.44	1	0:04:08.621714
21500	430	430	2.27	1	0:04:07.966110
21600	432	432	1.59	1	0:04:08.077710
21700	434	452	2.02	0	0:04:08.081289
21800	436	436	3.74	1	0:04:08.407127
21900	438	521	1.6	0	0:04:08.336119
22000	440	642	0.487	0	0:04:08.557063
22100	442	442	3.81	1	0:04:08.682619
22200	444	808	1.13	0	0:04:08.321315
22300	446	446	0.355	1	0:04:08.215889
22400	448	694	1.07	0	0:04:08.037695
22500	450	757	0.893	0	0:04:07.733576
22600	452	452	1.02	1	0:04:08.261708
22700	454	454	1.37	1	0:04:08.182818
22800	456	522	2.76	0	0:04:07.918652
22900	458	827	1.78	0	0:04:07.973843
23000	460	976	2.62	0	0:04:07.905094
23100	462	500	0.416	0	0:04:08.114463
23200	464	439	1.84	0	0:04:08.355547
23300	466	466	3.69	1	0:04:08.556938
23400	468	468	3.81	1	0:04:08.614460
23500	470	410	1.11	0	0:04:08.434954
23600	472	472	3.81	1	0:04:08.298453
23700	474	394	0.741	0	0:04:08.088368
23800	476	476	1.67	1	0:04:08.257347
23900	478	478	1.43	1	0:04:08.656358
24000	480	877	3.49	0	0:04:07.998411
24100	482	788	2.26	0	0:04:07.957785
24200	484	871	3.81	0	0:04:08.947258
24300	486	486	3.74	1	0:04:08.362620
24400	488	483	1.2	0	0:04:08.133419
24500	490	293	0.544	0	0:04:08.570555
24600	492	565	1.28	0	0:04:08.480255
24700	494	878	2.09	0	0:04:08.379732
24800	496	591	1.15	0	0:04:08.345333
24900	498	498	3.74	1	0:04:09.623437
25000	500	500	3.29	1	0:04:09.748401
25100	502	502	2.78	1	0:04:08.946332
25200	504	470	0.623	0	0:04:09.438271
25300	506	506	2.04	1	0:04:09.966829
25400	508	508	3.81	1	0:04:08.947558
25500	510	510	3.25	1	0:04:08.895385
25600	512	488	1.51	0	0:04:09.436145
25700	514	514	3.81	1	0:04:09.574155
25800	516	938	0.0519	0	0:04:09.420741
25900	518	518	3.81	1	0:04:09.309438
26000	520	520	1.41	1	0:04:09.199479
26100	522	522	2.25	1	0:04:09.502128
26200	524	760	1.43	0	0:04:09.107579
26300	526	673	2.16	0	0:04:08.981555
26400	528	478	2.49	0	0:04:09.078409
26500	530	531	0.689	0	0:04:09.186481
26600	532	846	2.61	0	0:04:08.931645
26700	534	534	0.779	1	0:04:08.975187
26800	536	403	2.17	0	0:04:09.294038
26900	538	538	3.81	1	0:04:09.440645
27000	540	540	3.31	1	0:04:09.704260
27100	542	494	0.632	0	0:04:09.056799
27200	544	926	1.7	0	0:04:08.912271
27300	546	546	3.69	1	0:04:09.404692
27400	548	548	2.89	1	0:04:09.433190
27500	550	550	1.61	1	0:04:08.770287
27600	552	552	3.81	1	0:04:09.556435
27700	554	554	2.95	1	0:04:09.601155
27800	556	516	1.87	0	0:04:09.198497
27900	558	257	2.51	0	0:04:08.883824
28000	560	560	1.77	1	0:04:09.279529
28100	562	562	2.93	1	0:04:09.439087
28200	564	669	0.86	0	0:04:09.085737
28300	566	711	0.63	0	0:04:08.997918
28400	568	399	2.89	0	0:04:09.056303
28500	570	613	1.43	0	0:04:09.356019
28600	572	840	1.48	0	0:04:09.146217
28700	574	574	3.81	1	0:04:11.561562
28800	576	972	2.13	0	0:04:10.564210
28900	578	578	1.3	1	0:04:09.142419
29000	580	417	0.278	0	0:04:08.926475
29100	582	582	0.978	1	0:04:09.232981
29200	584	551	0.876	0	0:04:09.420128
29300	586	586	2.46	1	0:04:08.962410
29400	588	588	3.33	1	0:04:09.364150
29500	590	782	1.28	0	0:04:08.890671
29600	592	592	1.2	1	0:04:09.452096
29700	594	880	0.668	0	0:04:09.492581
29800	596	825	3.22	0	0:04:09.097415
29900	598	598	2.99	1	0:04:09.300203
30000	600	417	1.71	0	0:04:09.360251
30100	602	602	3.81	1	0:04:09.224071
30200	604	799	1.89	0	0:04:08.984299
30300	606	606	3.62	1	0:04:09.465431
30400	608	523	1.89	0	0:04:09.668428
30500	610	610	2.27	1	0:04:09.269757
30600	612	612	3.81	1	0:04:09.303783
30700	614	614	1.25	1	0:04:08.903197
30800	616	594	1.36	0	0:04:09.023388
30900	618	823	1.28	0	0:04:09.035417
31000	620	617	1.54	0	0:04:09.255614
31100	622	622	3.81	1	0:04:09.019889
31200	624	453	1.63	0	0:04:08.965710
31300	626	692	2.84	0	0:04:09.123666
31400	628	624	2.74	0	0:04:09.226003
31500	630	703	1.24	0	0:04:09.302219
31600	632	632	3.81	1	0:04:09.550815
31700	634	489	3.69	0	0:04:09.118573
31800	636	636	3.81	1	0:04:08.828677
31900	638	445	3.81	0	0:04:08.955014
32000	640	640	3.74	1	0:04:09.592763
32100	642	642	3.74	1	0:04:09.205777
32200	644	644	3.81	1	0:04:09.589956
32300	646	545	3.34	0	0:04:09.194583
32400	648	651	1.48	0	0:04:09.042905
32500	650	546	1.62	0	0:04:09.730688
32600	652	652	2.38	1	0:04:08.798332
32700	654	656	3.81	0	0:04:08.639330
32800	656	656	3.29	1	0:04:07.317750
32900	658	658	3.81	1	0:04:07.588340
33000	660	660	3.42	1	0:04:07.336962
33100	662	549	1.01	0	0:04:07.189945
33200	664	598	2.47	0	0:04:07.302214
33300	666	666	2.03	1	0:04:07.099247
33400	668	123	2.15	0	0:04:07.347111
33500	670	670	2.75	1	0:04:07.546409
33600	672	979	2.01	0	0:04:07.295597
33700	674	448	1.35	0	0:04:07.480966
33800	676	960	0.435	0	0:04:07.099582
33900	678	678	2.39	1	0:04:07.757016
34000	680	438	0.379	0	0:04:08.126998
34100	682	682	1.57	1	0:04:09.366090
34200	684	684	2.85	1	0:04:09.069375
34300	686	758	1.78	0	0:04:09.140393
34400	688	688	3.81	1	0:04:07.679049
34500	690	690	2.47	1	0:04:07.296052
34600	692	571	1.23	0	0:04:07.015648
34700	694	694	3.81	1	0:04:08.033119
34800	696	34	0.324	0	0:04:08.830976
34900	698	663	3.81	0	0:04:08.768999
35000	700	831	2.92	0	0:04:07.915118
35100	702	602	2.91	0	0:04:08.341557
35200	704	877	1.22	0	0:04:08.032016
35300	706	536	3.1	0	0:04:08.078164
35400	708	682	3.62	0	0:04:08.643183
35500	710	414	0.879	0	0:04:08.193486
35600	712	891	0.897	0	0:04:07.722353
35700	714	714	3.49	1	0:04:08.243724
35800	716	716	0.948	1	0:04:07.259162
35900	718	425	1.57	0	0:04:07.625567
36000	720	951	2.04	0	0:04:07.562158
36100	722	722	3.19	1	0:04:07.785561
36200	724	780	3.81	0	0:04:08.077291
36300	726	726	2.37	1	0:04:07.222198
36400	728	728	2.32	1	0:04:07.803386
36500	730	856	1.45	0	0:04:08.087507
36600	732	732	2.19	1	0:04:08.367760
36700	734	734	3.07	1	0:04:08.526916
36800	736	736	3.81	1	0:04:08.776824
36900	738	738	1.78	1	0:04:07.959843
37000	740	450	0.907	0	0:04:09.071748
37100	742	859	0.566	0	0:04:08.550923
37200	744	442	2.53	0	0:04:09.335063
37300	746	746	3.81	1	0:04:09.460314
37400	748	748	3.62	1	0:04:09.144964
37500	750	257	1.68	0	0:04:09.030325
37600	752	765	1.37	0	0:04:09.448399
37700	754	754	1.79	1	0:04:09.421491
37800	756	756	3.81	1	0:04:09.371402
37900	758	726	1.61	0	0:04:09.649855
38000	760	799	2.85	0	0:04:09.530984
38100	762	762	2.82	1	0:04:09.161536
38200	764	650	2.34	0	0:04:08.889506
38300	766	766	3.81	1	0:04:09.243716
38400	768	890	1.18	0	0:04:09.430570
38500	770	770	0.379	1	0:04:09.219146
38600	772	419	1.32	0	0:04:09.325411
38700	774	514	0.932	0	0:04:09.254456
38800	776	843	1.23	0	0:04:09.278161
38900	778	747	3.31	0	0:04:09.549839
39000	780	914	3.07	0	0:04:09.030803
39100	782	598	2.04	0	0:04:09.368093
39200	784	828	1.63	0	0:04:09.634645
39300	786	665	1.5	0	0:04:09.057037
39400	788	422	0.945	0	0:04:09.309507
39500	790	830	2.44	0	0:04:09.379015
39600	792	792	3.29	1	0:04:08.965471
39700	794	794	3.18	1	0:04:09.353375
39800	796	796	3.81	1	0:04:09.695308
39900	798	798	1.75	1	0:04:09.281085
40000	800	800	3.34	1	0:04:09.178320
40100	802	802	2.32	1	0:04:09.493020
40200	804	844	2.46	0	0:04:09.043747
40300	806	806	1.01	1	0:04:09.169340
40400	808	502	0.922	0	0:04:09.279069
40500	810	810	3.81	1	0:04:09.624720
40600	812	812	3.81	1	0:04:09.439670
40700	814	628	1.39	0	0:04:08.921670
40800	816	816	2.52	1	0:04:09.613946
40900	818	745	1.1	0	0:04:09.268000
41000	820	498	0.897	0	0:04:09.249672
41100	822	822	3.81	1	0:04:09.209572
41200	824	824	0.498	1	0:04:09.192895
41300	826	531	3.62	0	0:04:08.640489
41400	828	818	3.26	0	0:04:09.453017
41500	830	171	0.942	0	0:04:09.346880
41600	832	832	1.79	1	0:04:08.768076
41700	834	417	1.74	0	0:04:09.128464
41800	836	444	1.09	0	0:04:09.106439
41900	838	478	1.82	0	0:04:09.300750
42000	840	840	0.221	1	0:04:09.373327
42100	842	842	2.12	1	0:04:09.181694
42200	844	844	3.46	1	0:04:09.828873
42300	846	532	1.12	0	0:04:08.988144
42400	848	543	0.401	0	0:04:09.416680
42500	850	584	1.7	0	0:04:09.075296
42600	852	852	3.81	1	0:04:09.425554
42700	854	45	0.283	0	0:04:09.314442
42800	856	856	1.34	1	0:04:09.180546
42900	858	827	1.02	0	0:04:09.041072
43000	860	941	1.19	0	0:04:08.939704
43100	862	498	0.982	0	0:04:09.051584
43200	864	595	0.267	0	0:04:09.222383
43300	866	866	0.973	1	0:04:09.434973
43400	868	967	1.02	0	0:04:09.433769
43500	870	433	0.59	0	0:04:09.061226
43600	872	840	1.56	0	0:04:09.103833
43700	874	874	3.81	1	0:04:08.472722
43800	876	648	2.83	0	0:04:07.948720
43900	878	878	3.01	1	0:04:07.491743
44000	880	621	1.79	0	0:04:08.257978
44100	882	760	1.21	0	0:04:08.114202
44200	884	884	2.32	1	0:04:07.898803
44300	886	886	3.49	1	0:04:08.344861
44400	888	718	3.18	0	0:04:08.394379
44500	890	890	3.05	1	0:04:08.573448
44600	892	858	2.89	0	0:04:08.460647
44700	894	894	3.31	1	0:04:08.269101
44800	896	430	0.6	0	0:04:08.663853
44900	898	458	0.892	0	0:04:08.476853
45000	900	900	2.89	1	0:04:08.371129
45100	902	902	3.69	1	0:04:08.267445
45200	904	905	3.42	0	0:04:08.489012
45300	906	906	2.52	1	0:04:08.511411
45400	908	895	3.57	0	0:04:08.495524
45500	910	641	3.81	0	0:04:09.104286
45600	912	730	1.68	0	0:04:08.428616
45700	914	914	3.74	1	0:04:08.496150
45800	916	916	3.81	1	0:04:08.557626
45900	918	918	2.7	1	0:04:08.617852
46000	920	672	0.839	0	0:04:08.108749
46100	922	922	3.74	1	0:05:29.847433
46200	924	924	2.32	1	0:07:21.850572
46300	926	926	3.81	1	0:07:24.060806
46400	928	332	0.97	0	0:07:24.059469
46500	930	964	3.69	0	0:07:24.611097
46600	932	932	2.4	1	0:07:24.113459
46700	934	937	1.69	0	0:07:23.317985
46800	936	936	2.55	1	0:07:23.711413
46900	938	937	3.01	0	0:07:23.900496
47000	940	940	0.575	1	0:07:21.406801
47100	942	942	3.81	1	0:07:24.203585
47200	944	946	3.81	0	0:07:25.448212
47300	946	946	3.81	1	0:07:25.649952
47400	948	948	2.93	1	0:07:26.067587
47500	950	950	2.89	1	0:07:25.842173
47600	952	90	3.81	0	0:07:25.095719
47700	954	955	0.714	0	0:07:25.001993
47800	956	956	2.88	1	0:07:25.976646
47900	958	483	3.74	0	0:07:24.667384
48000	960	213	0.898	0	0:07:24.140290
48100	962	962	1.54	1	0:07:22.124233
48200	964	961	0.863	0	0:07:24.191983
48300	966	630	0.711	0	0:07:24.273651
48400	968	968	2.56	1	0:07:24.192018
48500	970	795	3.74	0	0:07:24.049069
48600	972	979	3.03	0	0:07:22.958262
48700	974	974	3.81	1	0:07:24.237535
48800	976	780	1.41	0	0:07:22.918780
48900	978	693	1.22	0	0:07:21.507997
49000	980	980	3.81	1	0:07:25.567906
49100	982	982	2.12	1	0:07:25.504423
49200	984	984	3.81	1	0:07:26.148707
49300	986	986	3.81	1	0:07:26.033158
49400	988	112	1.12	0	0:07:25.133234
49500	990	952	2.63	0	0:07:24.874581
49600	992	992	2.59	1	0:07:25.706498
49700	994	994	3.65	1	0:07:25.446175
49800	996	996	1.66	1	0:05:46.658603
49900	998	987	3.81	0	0:04:09.562988