0	3	3	0.565	1	0:01:47.860580
20	7	7	0.403	1	0:01:53.425568
40	4	4	0.953	1	0:01:53.294676
60	7	7	0.953	1	0:01:53.312922
80	8	8	0.913	1	0:01:53.956898
100	4	4	0.162	1	0:01:53.386036
120	8	8	0.447	1	0:01:55.192642
140	6	6	0.613	1	0:01:59.922303
160	2	2	0.953	1	0:02:00.989583
180	0	0	0.953	1	0:01:57.511164
200	5	5	0.886	1	0:02:02.629634
220	7	7	0.496	1	0:01:59.972845
240	1	1	0.953	1	0:02:01.867282
260	8	8	0.644	1	0:01:58.065030
280	9	9	0.509	1	0:01:58.185594
300	6	6	0.953	1	0:01:56.748761
320	3	3	0.431	1	0:01:56.392417
340	2	4	0.18	0	0:01:57.340078
360	9	9	0.953	1	0:01:54.335650
380	6	6	0.881	1	0:01:58.790873
400	9	9	0.953	1	0:01:56.357475
420	4	4	0.953	1	0:02:02.098315
440	1	1	0.953	1	0:01:57.615246
460	5	5	0.953	1	0:02:00.024107
480	8	9	0.0544	0	0:02:02.133249
500	4	4	0.0744	1	0:01:57.842796
520	5	5	0.953	1	0:01:58.014332
540	1	1	0.953	1	0:01:57.543586
560	0	0	0.953	1	0:01:55.778505
580	4	4	0.877	1	0:01:57.530327
600	8	8	0.357	1	0:01:57.957035
620	7	7	0.953	1	0:01:59.574323
640	5	3	0.731	0	0:01:58.629529
660	9	9	0.953	1	0:01:57.961029
680	9	9	0.086	1	0:01:57.065156
700	7	7	0.953	1	0:01:57.796722
720	4	4	0.391	1	0:01:58.051207
740	2	5	0.556	0	0:01:56.455514
760	3	3	0.631	1	0:01:56.853475
780	9	9	0.953	1	0:01:55.062859
800	7	7	0.953	1	0:01:57.611589
820	6	5	0.34	0	0:01:56.060172
840	7	7	0.953	1	0:01:58.515521
860	4	4	0.611	1	0:01:59.429597
880	8	8	0.953	1	0:01:57.824745
900	2	6	0.544	0	0:02:00.667776
920	6	4	0.155	0	0:01:58.041564
940	9	9	0.953	1	0:01:56.533508
960	9	9	0.935	1	0:02:01.700990
980	2	-1	0.0	0	0:01:54.995615
1000	5	5	0.953	1	0:01:54.382765
1020	1	1	0.953	1	0:01:54.600497
1040	7	5	0.0725	0	0:01:53.338209
1060	9	9	0.953	1	0:01:54.219810
1080	6	6	0.462	1	0:01:54.276341
1100	7	8	0.505	0	0:01:53.952275
1120	5	2	0.269	0	0:01:53.334219
1140	6	6	0.573	1	0:01:53.572011
1160	8	8	0.626	1	0:01:55.023784
1180	3	2	0.631	0	0:01:54.185694
1200	8	8	0.54	1	0:01:54.291927
1220	9	6	0.105	0	0:01:54.217995
1240	2	2	0.14	1	0:01:54.069355
1260	1	9	0.287	0	0:01:53.714320
1280	3	3	0.489	1	0:01:53.594482
1300	4	3	0.743	0	0:01:54.294819
1320	7	7	0.922	1	0:01:53.865083
1340	1	1	0.953	1	0:01:54.021345
1360	7	7	0.953	1	0:01:54.009346
1380	4	4	0.41	1	0:01:53.542892
1400	5	3	0.185	0	0:01:53.370836
1420	4	4	0.381	1	0:01:53.171922
1440	0	0	0.456	1	0:01:53.729443
1460	6	6	0.953	1	0:01:54.378690
1480	1	1	0.667	1	0:01:55.031737
1500	1	1	0.953	1	0:01:54.477082
1520	7	7	0.953	1	0:01:54.306063
1540	8	8	0.953	1	0:01:54.436448
1560	7	7	0.953	1	0:01:54.696196
1580	6	1	0.161	0	0:01:53.401575
1600	8	8	0.0279	1	0:01:54.180193
1620	5	3	0.599	0	0:01:54.845335
1640	7	4	0.263	0	0:01:54.103347
1660	3	3	0.953	1	0:01:55.558794
1680	6	6	0.953	1	0:01:54.714998
1700	5	5	0.366	1	0:01:54.703168
1720	4	4	0.474	1	0:01:55.616453
1740	1	1	0.454	1	0:01:54.868337
1760	0	0	0.855	1	0:01:53.285901
1780	7	7	0.804	1	0:01:54.965388
1800	4	4	0.394	1	0:01:55.170418
1820	8	8	0.622	1	0:01:55.276240
1840	8	9	0.161	0	0:01:53.969726
1860	8	8	0.953	1	0:01:54.586595
1880	1	1	0.953	1	0:01:54.406713
1900	8	8	0.953	1	0:01:54.285464
1920	2	2	0.953	1	0:01:54.694046
1940	5	5	0.953	1	0:01:55.650276
1960	2	5	0.261	0	0:01:54.587902
1980	9	9	0.953	1	0:01:54.621326
2000	1	1	0.604	1	0:01:53.867547
2020	9	9	0.953	1	0:01:55.037828
2040	0	0	0.953	1	0:01:54.537786
2060	5	3	0.61	0	0:01:55.482385
2080	1	1	0.418	1	0:01:55.660625
2100	2	2	0.596	1	0:01:53.851075
2120	4	8	0.391	0	0:01:52.950689
2140	9	9	0.953	1	0:01:53.346431
2160	0	0	0.548	1	0:01:54.172566
2180	4	4	0.953	1	0:01:53.551633
2200	0	0	0.24	1	0:01:53.786028
2220	1	1	0.953	1	0:01:54.449947
2240	9	9	0.953	1	0:01:53.630740
2260	4	4	0.7	1	0:01:54.329847
2280	4	8	0.0565	0	0:01:55.014589
2300	3	3	0.0115	1	0:01:53.770539
2320	5	3	0.0381	0	0:01:54.002576
2340	7	7	0.953	1	0:01:55.610119
2360	7	7	0.771	1	0:01:54.408102
2380	8	8	0.953	1	0:01:55.309763
2400	0	0	0.953	1	0:01:55.066791
2420	8	1	0.0524	0	0:01:53.889496
2440	7	7	0.953	1	0:01:54.285722
2460	9	9	0.62	1	0:01:54.529958
2480	8	8	0.953	1	0:01:55.003516
2500	4	4	0.0695	1	0:01:54.082607
2520	1	1	0.786	1	0:01:53.876103
2540	2	6	0.22	0	0:01:54.509812
2560	7	7	0.839	1	0:01:53.842782
2580	6	6	0.922	1	0:01:53.897739
2600	8	8	0.953	1	0:01:54.245077
2620	1	1	0.653	1	0:01:55.009653
2640	7	7	0.953	1	0:01:55.053074
2660	3	2	0.0521	0	0:01:53.633502
2680	0	0	0.953	1	0:01:53.645749
2700	9	1	0.109	0	0:01:54.820940
2720	3	3	0.481	1	0:01:54.075563
2740	1	1	0.682	1	0:01:55.337015
2760	2	2	0.651	1	0:01:54.659155
2780	7	7	0.953	1	0:01:54.110173
2800	4	4	0.538	1	0:01:54.783016
2820	6	6	0.953	1	0:01:56.454156
2840	3	3	0.953	1	0:01:55.473008
2860	5	5	0.37	1	0:01:54.385640
2880	4	4	0.953	1	0:01:54.412249
2900	3	5	0.426	0	0:01:53.286585
2920	2	2	0.619	1	0:01:55.060772
2940	3	0	0.719	0	0:01:55.126253
2960	9	9	0.245	1	0:01:55.440664
2980	8	8	0.905	1	0:01:56.042377
3000	5	5	0.953	1	0:01:55.057770
3020	1	1	0.953	1	0:01:56.721847
3040	7	7	0.953	1	0:01:56.046914
3060	7	7	0.953	1	0:01:56.588836
3080	1	1	0.881	1	0:01:55.700265
3100	0	0	0.935	1	0:01:55.906717
3120	4	6	0.0274	0	0:01:56.487971
3140	8	8	0.922	1	0:01:55.662473
3160	6	2	0.511	0	0:01:57.170468
3180	3	3	0.394	1	0:01:55.839592
3200	5	5	0.953	1	0:01:57.481944
3220	3	3	0.307	1	0:01:54.368061
3240	4	0	0.0238	0	0:01:55.255769
3260	7	7	0.953	1	0:01:55.483021
3280	3	5	0.243	0	0:01:55.070719
3300	4	4	0.133	1	0:01:55.438746
3320	2	7	0.0901	0	0:01:55.226675
3340	6	6	0.831	1	0:01:55.785265
3360	4	4	0.513	1	0:01:53.713169
3380	8	8	0.953	1	0:01:55.065634
3400	6	6	0.257	1	0:01:56.930365
3420	5	3	0.546	0	0:01:55.323108
3440	2	3	0.677	0	0:01:56.155678
3460	1	1	0.953	1	0:01:56.945802
3480	2	2	0.953	1	0:01:54.978590
3500	1	1	0.376	1	0:01:56.229562
3520	1	1	0.953	1	0:01:54.184995
3540	6	6	0.953	1	0:01:55.407324
3560	1	1	0.0426	1	0:01:55.585999
3580	4	4	0.347	1	0:01:56.948548
3600	4	2	0.125	0	0:01:55.447373
3620	0	0	0.446	1	0:01:56.785946
3640	6	2	0.146	0	0:01:55.750664
3660	0	0	0.953	1	0:01:56.476979
3680	0	0	0.135	1	0:01:54.470600
3700	3	3	0.953	1	0:01:55.432648
3720	2	2	0.953	1	0:01:54.692475
3740	0	0	0.953	1	0:01:57.150366
3760	7	7	0.953	1	0:01:55.803438
3780	4	4	0.518	1	0:01:56.807395
3800	9	9	0.922	1	0:01:54.516129
3820	0	0	0.516	1	0:01:55.174074
3840	6	3	0.359	0	0:01:53.601463
3860	7	7	0.953	1	0:01:54.766632
3880	6	6	0.462	1	0:01:55.147856
3900	3	6	0.202	0	0:01:54.406639
3920	7	7	0.435	1	0:01:54.759747
3940	6	6	0.282	1	0:01:53.910614
3960	2	2	0.645	1	0:01:54.188821
3980	9	9	0.358	1	0:01:53.543678
4000	8	7	0.0256	0	0:01:53.775176
4020	8	8	0.953	1	0:01:54.493664
4040	0	0	0.953	1	0:01:54.673468
4060	6	6	0.898	1	0:01:55.178843
4080	1	1	0.953	1	0:01:54.177881
4100	7	7	0.953	1	0:01:55.001296
4120	4	4	0.953	1	0:01:54.692914
4140	5	5	0.341	1	0:01:55.132365
4160	5	5	0.922	1	0:01:54.738866
4180	0	0	0.486	1	0:01:54.782207
4200	4	4	0.634	1	0:01:54.688665
4220	4	0	0.607	0	0:01:56.177233
4240	7	7	0.0754	1	0:01:55.812995
4260	8	8	0.953	1	0:01:55.628466
4280	8	9	0.0694	0	0:01:55.406269
4300	8	8	0.807	1	0:01:55.498500
4320	1	1	0.297	1	0:01:54.409030
4340	0	0	0.953	1	0:01:54.475192
4360	6	6	0.689	1	0:01:54.976163
4380	9	9	0.844	1	0:01:54.763852
4400	3	-1	0.0	0	0:01:53.249736
4420	5	5	0.0552	1	0:01:52.110294
4440	2	2	0.548	1	0:01:54.231421
4460	9	9	0.953	1	0:01:52.383289
4480	9	9	0.953	1	0:01:55.845509
4500	3	3	0.259	1	0:01:54.551617
4520	3	3	0.394	1	0:01:56.332387
4540	9	9	0.898	1	0:01:55.683969
4560	1	1	0.953	1	0:01:54.182140
4580	6	6	0.338	1	0:01:54.499289
4600	4	4	0.953	1	0:01:54.497799
4620	7	7	0.514	1	0:01:54.019287
4640	2	2	0.953	1	0:01:54.003591
4660	7	7	0.3	1	0:01:54.550056
4680	9	9	0.953	1	0:01:54.008021
4700	6	5	0.252	0	0:01:53.930179
4720	8	8	0.194	1	0:01:54.608181
4740	5	3	0.304	0	0:01:56.186478
4760	3	2	0.622	0	0:01:55.135652
4780	0	0	0.664	1	0:01:54.542123
4800	9	9	0.953	1	0:01:54.297019
4820	3	3	0.515	1	0:01:55.902343
4840	0	0	0.953	1	0:01:57.134568
4860	5	5	0.953	1	0:01:55.829929
4880	0	0	0.603	1	0:01:54.920230
4900	3	3	0.743	1	0:01:55.046360
4920	7	7	0.953	1	0:01:55.902946
4940	6	6	0.881	1	0:01:58.525321
4960	4	4	0.39	1	0:01:57.416770
4980	1	9	0.299	0	0:01:53.501780
5000	7	7	0.953	1	0:01:53.203445
5020	8	8	0.953	1	0:01:55.994102
5040	3	3	0.647	1	0:01:54.552166
5060	6	6	0.415	1	0:01:57.704352
5080	7	7	0.342	1	0:01:55.183767
5100	3	3	0.953	1	0:01:54.341254
5120	9	9	0.712	1	0:01:54.306888
5140	8	8	0.858	1	0:01:54.778117
5160	0	0	0.953	1	0:01:55.282963
5180	9	7	0.282	0	0:01:54.732377
5200	3	3	0.771	1	0:01:55.307497
5220	0	0	0.922	1	0:01:54.372686
5240	1	1	0.469	1	0:01:55.777689
5260	0	0	0.953	1	0:01:54.009772
5280	0	8	0.183	0	0:01:54.282554
5300	9	9	0.922	1	0:01:55.221736
5320	7	7	0.481	1	0:01:54.595226
5340	3	3	0.103	1	0:01:54.797891
5360	9	9	0.953	1	0:01:54.601757
5380	1	9	0.268	0	0:01:55.659390
5400	9	9	0.953	1	0:01:55.090075
5420	6	6	0.735	1	0:01:55.483236
5440	9	9	0.953	1	0:01:55.148500
5460	0	0	0.953	1	0:01:56.670057
5480	1	1	0.935	1	0:01:56.411601
5500	8	8	0.719	1	0:01:55.066394
5520	4	4	0.654	1	0:01:54.690205
5540	5	5	0.116	1	0:01:56.379815
5560	3	5	0.0967	0	0:01:55.065557
5580	5	5	0.216	1	0:01:55.272275
5600	6	5	0.00875	0	0:01:55.319412
5620	3	2	0.253	0	0:01:54.809267
5640	2	2	0.616	1	0:01:53.430920
5660	9	9	0.214	1	0:01:54.223625
5680	2	3	0.122	0	0:01:54.183127
5700	3	5	0.167	0	0:01:54.078438
5720	9	9	0.953	1	0:01:55.138386
5740	6	6	0.255	1	0:01:54.485111
5760	2	2	0.376	1	0:01:55.383398
5780	7	7	0.953	1	0:01:54.229676
5800	2	2	0.922	1	0:01:54.861711
5820	5	5	0.639	1	0:01:54.343217
5840	2	7	0.00219	0	0:01:53.816373
5860	0	0	0.629	1	0:01:55.463226
5880	0	0	0.953	1	0:01:54.454444
5900	4	0	0.0728	0	0:01:55.273359
5920	8	8	0.953	1	0:01:55.302997
5940	7	7	0.424	1	0:01:55.398457
5960	2	6	0.495	0	0:01:54.880127
5980	9	9	0.953	1	0:01:55.386474
6000	8	8	0.516	1	0:01:55.079027
6020	6	6	0.953	1	0:01:56.316675
6040	2	7	0.898	0	0:01:55.742917
6060	3	4	0.217	0	0:01:54.459888
6080	1	1	0.849	1	0:01:53.741577
6100	1	1	0.953	1	0:01:56.353742
6120	5	5	0.953	1	0:01:56.099023
6140	9	9	0.953	1	0:01:56.602197
6160	2	2	0.697	1	0:01:56.118565
6180	0	0	0.404	1	0:01:55.637546
6200	3	3	0.635	1	0:01:56.402013
6220	2	2	0.193	1	0:01:54.853419
6240	2	2	0.556	1	0:01:55.574034
6260	2	2	0.28	1	0:01:54.918570
6280	8	8	0.283	1	0:01:54.714290
6300	1	1	0.953	1	0:01:55.239561
6320	0	0	0.953	1	0:01:54.752706
6340	3	3	0.527	1	0:01:54.596260
6360	2	2	0.38	1	0:01:55.141292
6380	3	3	0.0324	1	0:01:54.868791
6400	0	0	0.331	1	0:01:55.312517
6420	7	7	0.953	1	0:01:56.543696
6440	3	8	0.178	0	0:01:54.145879
6460	3	3	0.537	1	0:01:53.696463
6480	0	0	0.825	1	0:01:55.259872
6500	7	-1	0.0	0	0:01:55.718391
6520	6	6	0.455	1	0:01:55.719886
6540	8	8	0.953	1	0:01:57.099324
6560	6	6	0.714	1	0:01:53.884326
6580	1	1	0.16	1	0:01:55.602551
6600	7	7	0.953	1	0:01:55.408091
6620	7	7	0.953	1	0:01:53.677098
6640	5	3	0.953	0	0:01:53.659971
6660	0	0	0.953	1	0:01:55.735980
6680	3	5	0.261	0	0:01:55.789247
6700	6	6	0.935	1	0:01:55.979321
6720	2	2	0.541	1	0:01:55.874112
6740	2	2	0.808	1	0:01:55.847172
6760	5	5	0.953	1	0:01:55.722676
6780	7	7	0.953	1	0:01:55.252963
6800	6	6	0.193	1	0:01:56.642444
6820	1	1	0.953	1	0:01:55.602868
6840	9	9	0.953	1	0:01:55.472775
6860	0	0	0.935	1	0:01:56.380890
6880	2	2	0.953	1	0:01:57.279793
6900	3	3	0.953	1	0:01:55.194817
6920	5	4	0.135	0	0:01:56.858159
6940	1	1	0.953	1	0:01:57.256261
6960	9	9	0.905	1	0:01:58.993224
6980	0	8	0.0632	0	0:01:55.517759
7000	2	8	0.169	0	0:01:56.659278
7020	7	7	0.953	1	0:01:55.038137
7040	7	0	0.0727	0	0:01:54.349986
7060	8	8	0.953	1	0:01:54.510489
7080	5	4	0.358	0	0:01:54.408424
7100	9	9	0.0809	1	0:01:57.875491
7120	7	7	0.547	1	0:01:58.167806
7140	4	4	0.105	1	0:01:54.817086
7160	5	5	0.638	1	0:01:55.177205
7180	6	6	0.935	1	0:01:57.993775
7200	4	4	0.444	1	0:01:54.334718
7220	9	9	0.695	1	0:01:56.791050
7240	0	0	0.905	1	0:01:56.537497
7260	1	1	0.953	1	0:01:55.622059
7280	1	9	0.224	0	0:01:57.139874
7300	3	5	0.498	0	0:01:54.586428
7320	8	8	0.359	1	0:01:56.581537
7340	2	4	0.0434	0	0:01:55.319424
7360	2	2	0.905	1	0:01:56.440119
7380	7	7	0.953	1	0:01:55.206559
7400	3	9	0.0456	0	0:01:54.881462
7420	3	3	0.309	1	0:01:56.559162
7440	3	3	0.592	1	0:01:55.873749
7460	5	5	0.953	1	0:01:55.373299
7480	1	1	0.0647	1	0:01:55.588674
7500	6	6	0.953	1	0:01:56.603850
7520	4	4	0.774	1	0:01:56.917727
7540	5	5	0.953	1	0:01:55.927252
7560	0	0	0.881	1	0:01:57.271124
7580	8	8	0.953	1	0:01:55.139701
7600	8	9	0.437	0	0:01:57.205578
7620	5	3	0.117	0	0:01:56.441492
7640	9	9	0.0999	1	0:01:55.861454
7660	7	7	0.545	1	0:01:56.053700
7680	3	5	0.0664	0	0:01:56.138900
7700	6	6	0.953	1	0:01:55.311686
7720	5	5	0.655	1	0:01:58.201314
7740	4	4	0.394	1	0:01:57.337490
7760	2	9	0.317	0	0:01:58.494353
7780	3	8	0.259	0	0:01:57.307252
7800	0	0	0.953	1	0:01:56.406543
7820	5	3	0.44	0	0:01:57.230011
7840	1	1	0.953	1	0:01:56.071323
7860	8	8	0.953	1	0:01:58.567816
7880	0	0	0.953	1	0:01:56.013357
7900	0	4	0.107	0	0:01:56.057008
7920	9	9	0.446	1	0:01:56.298732
7940	2	6	0.0782	0	0:01:56.153980
7960	0	0	0.453	1	0:01:55.917353
7980	3	3	0.869	1	0:01:56.358030
8000	9	9	0.953	1	0:01:54.939893
8020	6	3	0.922	0	0:01:54.893572
8040	2	2	0.953	1	0:01:56.918288
8060	6	6	0.953	1	0:01:57.131620
8080	4	4	0.675	1	0:01:57.277581
8100	6	6	0.238	1	0:01:56.889891
8120	8	8	0.0372	1	0:01:56.358535
8140	5	7	0.0909	0	0:01:57.343862
8160	6	6	0.953	1	0:01:56.691971
8180	4	4	0.432	1	0:01:54.230854
8200	3	4	0.0788	0	0:01:56.416577
8220	6	-1	0.0	0	0:01:56.636002
8240	7	7	0.953	1	0:01:55.752626
8260	1	1	0.953	1	0:01:55.813704
8280	4	4	0.155	1	0:01:56.929104
8300	5	5	0.0376	1	0:01:55.300925
8320	7	7	0.61	1	0:01:56.065780
8340	5	5	0.669	1	0:01:56.974242
8360	7	7	0.953	1	0:01:59.335902
8380	9	9	0.953	1	0:01:56.475261
8400	0	0	0.233	1	0:01:55.159713
8420	3	6	0.898	0	0:01:56.868057
8440	5	3	0.45	0	0:01:54.070829
8460	8	8	0.953	1	0:01:54.875416
8480	2	2	0.467	1	0:01:54.825017
8500	4	4	0.953	1	0:01:55.644898
8520	8	8	0.449	1	0:01:57.860477
8540	4	4	0.176	1	0:01:56.725919
8560	7	7	0.953	1	0:01:55.928549
8580	3	5	0.392	0	0:01:56.962101
8600	3	3	0.407	1	0:01:56.544635
8620	3	3	0.52	1	0:01:56.259931
8640	1	1	0.935	1	0:01:56.733647
8660	7	7	0.953	1	0:01:56.643439
8680	3	-1	0.0	0	0:01:54.798411
8700	3	3	0.162	1	0:01:55.871522
8720	2	0	0.953	0	0:01:54.648907
8740	2	2	0.682	1	0:01:56.375196
8760	8	8	0.953	1	0:01:56.172403
8780	4	4	0.255	1	0:01:55.729490
8800	0	0	0.892	1	0:01:54.945292
8820	2	2	0.953	1	0:01:56.151881
8840	2	7	0.078	0	0:01:56.419443
8860	2	2	0.953	1	0:01:55.908251
8880	1	1	0.825	1	0:01:55.679064
8900	2	2	0.282	1	0:01:55.448892
8920	6	6	0.922	1	0:01:55.880986
8940	6	3	0.76	0	0:01:55.332061
8960	0	0	0.517	1	0:01:55.466082
8980	9	9	0.953	1	0:01:56.425395
9000	8	8	0.953	1	0:01:55.770044
9020	7	7	0.953	1	0:01:55.341231
9040	2	5	0.953	0	0:01:55.277931
9060	9	9	0.953	1	0:01:55.444946
9080	3	3	0.905	1	0:01:56.500602
9100	9	1	0.242	0	0:01:55.193146
9120	3	5	0.415	0	0:01:55.209033
9140	7	7	0.684	1	0:01:54.422810
9160	5	5	0.124	1	0:01:54.461517
9180	5	5	0.953	1	0:01:54.371739
9200	8	8	0.506	1	0:01:54.181246
9220	8	8	0.953	1	0:01:56.053781
9240	8	8	0.852	1	0:01:55.511773
9260	5	5	0.877	1	0:02:00.028791
9280	9	9	0.541	1	0:01:56.516357
9300	5	3	0.0616	0	0:01:57.798738
9320	9	9	0.953	1	0:01:56.179322
9340	1	1	0.953	1	0:01:56.507814
9360	5	0	0.742	0	0:01:56.497412
9380	5	3	0.246	0	0:01:56.425403
9400	6	6	0.953	1	0:01:54.896801
9420	5	5	0.953	1	0:01:55.397783
9440	8	8	0.953	1	0:01:55.079504
9460	3	3	0.345	1	0:01:56.002608
9480	2	-1	0.0	0	0:01:56.688385
9500	9	9	0.953	1	0:01:57.102248
9520	1	1	0.953	1	0:01:55.095004
9540	5	5	0.499	1	0:01:54.911993
9560	9	7	0.206	0	0:01:56.175288
9580	1	1	0.953	1	0:01:57.678822
9600	8	8	0.416	1	0:01:54.766135
9620	4	4	0.898	1	0:01:56.712864
9640	5	5	0.953	1	0:01:56.827146
9660	6	6	0.953	1	0:01:55.084571
9680	8	8	0.935	1	0:01:57.403121
9700	0	0	0.953	1	0:02:00.429074
9720	8	8	0.534	1	0:02:08.657042
9740	3	6	0.645	0	0:01:56.268146
9760	9	9	0.423	1	0:01:55.631944
9780	4	4	0.129	1	0:01:56.110484
9800	1	1	0.953	1	0:01:57.280040
9820	0	8	0.147	0	0:01:55.034966
9840	4	7	0.953	0	0:01:56.049417
9860	0	0	0.559	1	0:01:57.687865
9880	7	7	0.224	1	0:01:55.630817
9900	8	8	0.953	1	0:01:55.189268
9920	6	6	0.953	1	0:01:55.729567
9940	4	4	0.532	1	0:01:56.796416
9960	2	0	0.844	0	0:01:55.207861
9980	0	0	0.953	1	0:01:55.463199
