0	3	3	0.435	1	0:01:52.714324
20	7	7	0.806	1	0:01:53.663157
40	4	4	0.838	1	0:01:53.435284
60	7	7	1.64	1	0:01:54.850408
80	8	8	1.57	1	0:01:54.035516
100	4	5	0.61	0	0:01:53.772020
120	8	8	1.07	1	0:01:56.870739
140	6	6	0.602	1	0:02:01.918671
160	2	2	0.898	1	0:02:00.361009
180	0	0	1.75	1	0:01:58.330902
200	5	5	0.512	1	0:02:01.172282
220	7	7	1.66	1	0:02:02.780555
240	1	1	1.91	1	0:01:59.179143
260	8	8	0.174	1	0:01:58.943844
280	9	9	1.91	1	0:01:57.494105
300	6	6	1.52	1	0:01:54.642195
320	3	5	0.998	0	0:01:54.665250
340	2	4	0.0945	0	0:01:58.710053
360	9	9	0.408	1	0:01:56.968460
380	6	6	1.24	1	0:01:57.145428
400	9	9	1.67	1	0:01:59.230560
420	4	4	1.31	1	0:01:59.129383
440	1	1	1.03	1	0:01:58.908872
460	5	5	1.75	1	0:01:58.948124
480	8	9	0.686	0	0:02:02.501839
500	4	6	0.965	0	0:01:57.537609
520	5	5	0.905	1	0:01:55.096214
540	1	1	0.933	1	0:01:58.273737
560	0	0	1.76	1	0:01:53.593317
580	4	4	0.414	1	0:01:59.568770
600	8	8	1.23	1	0:01:59.306920
620	7	7	0.735	1	0:01:59.934484
640	5	3	1.18	0	0:01:59.704154
660	9	9	1.87	1	0:01:55.608099
680	9	7	0.0476	0	0:01:56.909036
700	7	7	1.6	1	0:01:57.108822
720	4	7	0.37	0	0:01:58.860255
740	2	5	0.947	0	0:01:56.453469
760	3	3	0.262	1	0:01:54.205220
780	9	9	1.02	1	0:01:56.438801
800	7	7	1.91	1	0:01:55.892585
820	6	6	0.257	1	0:01:57.361150
840	7	7	1.91	1	0:01:58.182376
860	4	4	1.24	1	0:01:58.475263
880	8	8	1.91	1	0:01:59.990324
900	2	6	0.463	0	0:01:59.599345
920	6	6	0.916	1	0:01:57.513321
940	9	9	1.76	1	0:01:57.039767
960	9	9	1.04	1	0:01:59.622688
980	2	6	1.41	0	0:01:54.583935
1000	5	5	1.78	1	0:01:54.911164
1020	1	1	1.61	1	0:01:55.423902
1040	7	5	1.67	0	0:01:55.347184
1060	9	9	1.91	1	0:01:54.204340
1080	6	6	1.55	1	0:01:54.183455
1100	7	7	0.157	1	0:01:54.873266
1120	5	2	0.35	0	0:01:55.097735
1140	6	6	0.627	1	0:01:55.038892
1160	8	8	0.774	1	0:01:53.812709
1180	3	3	0.697	1	0:01:54.653486
1200	8	8	0.935	1	0:01:54.175581
1220	9	6	0.306	0	0:01:54.297386
1240	2	6	1.41	0	0:01:54.385253
1260	1	9	0.947	0	0:01:55.077136
1280	3	7	0.528	0	0:01:55.574399
1300	4	3	0.802	0	0:01:53.226007
1320	7	2	0.589	0	0:01:54.707360
1340	1	1	1.91	1	0:01:54.789393
1360	7	7	1.15	1	0:01:54.754541
1380	4	5	1.48	0	0:01:54.743752
1400	5	5	0.545	1	0:01:53.737925
1420	4	7	0.662	0	0:01:54.414741
1440	0	0	0.724	1	0:01:54.996990
1460	6	6	1.75	1	0:01:54.409293
1480	1	1	0.957	1	0:01:54.287160
1500	1	1	0.493	1	0:01:56.200658
1520	7	7	1.54	1	0:01:54.641227
1540	8	8	1.83	1	0:01:55.205431
1560	7	7	1.91	1	0:01:55.731910
1580	6	1	0.731	0	0:01:55.715159
1600	8	9	0.368	0	0:01:55.062638
1620	5	8	0.0565	0	0:01:55.292061
1640	7	3	1.32	0	0:01:53.786093
1660	3	5	0.512	0	0:01:55.308993
1680	6	6	1.91	1	0:01:54.649392
1700	5	5	0.314	1	0:01:53.729863
1720	4	4	0.483	1	0:01:55.121126
1740	1	9	0.552	0	0:01:56.404875
1760	0	8	0.466	0	0:01:54.748946
1780	7	7	1.25	1	0:01:54.735505
1800	4	4	0.16	1	0:01:54.896247
1820	8	8	0.772	1	0:01:54.069565
1840	8	7	0.256	0	0:01:56.746479
1860	8	8	1.74	1	0:01:53.990983
1880	1	1	1.39	1	0:01:54.393509
1900	8	8	1.91	1	0:01:54.862538
1920	2	2	1.68	1	0:01:53.845565
1940	5	2	0.282	0	0:01:54.343336
1960	2	5	1.58	0	0:01:55.517639
1980	9	9	1.91	1	0:01:55.052206
2000	1	1	0.14	1	0:01:54.273612
2020	9	9	1.91	1	0:01:54.486645
2040	0	0	0.38	1	0:01:55.022735
2060	5	5	1.83	1	0:01:53.641015
2080	1	1	1.02	1	0:01:54.683088
2100	2	4	0.0324	0	0:01:56.200336
2120	4	8	0.82	0	0:01:55.707848
2140	9	9	1.84	1	0:01:55.300199
2160	0	8	1.1	0	0:01:55.490526
2180	4	4	1.12	1	0:01:55.804701
2200	0	0	0.494	1	0:01:54.738667
2220	1	1	1.78	1	0:01:55.327910
2240	9	9	1.43	1	0:01:55.403153
2260	4	7	0.123	0	0:01:54.264717
2280	4	8	1.15	0	0:01:54.820035
2300	3	6	0.414	0	0:01:55.030976
2320	5	2	1.18	0	0:01:55.710832
2340	7	7	1.83	1	0:01:54.792913
2360	7	7	0.226	1	0:01:53.879303
2380	8	8	1.54	1	0:01:54.951740
2400	0	0	1.51	1	0:01:55.840018
2420	8	5	0.582	0	0:01:55.337363
2440	7	7	1.7	1	0:01:54.942459
2460	9	9	0.675	1	0:01:54.666314
2480	8	8	1.59	1	0:01:55.864390
2500	4	6	0.146	0	0:01:54.593099
2520	1	1	0.104	1	0:01:54.462995
2540	2	3	0.435	0	0:01:54.762600
2560	7	7	0.5	1	0:01:56.246949
2580	6	6	0.82	1	0:01:55.535582
2600	8	8	1.91	1	0:01:55.208946
2620	1	1	0.52	1	0:01:54.335616
2640	7	7	1.91	1	0:01:56.902401
2660	3	2	0.151	0	0:01:55.742149
2680	0	0	1.91	1	0:01:54.799124
2700	9	9	0.385	1	0:01:54.608853
2720	3	3	0.368	1	0:01:55.206354
2740	1	1	0.886	1	0:01:54.704090
2760	2	2	0.854	1	0:01:55.074432
2780	7	7	1.91	1	0:01:53.775247
2800	4	6	0.539	0	0:01:53.354799
2820	6	6	1.91	1	0:01:54.332947
2840	3	3	1.91	1	0:01:54.280692
2860	5	7	0.0712	0	0:01:55.034228
2880	4	4	1.91	1	0:01:54.755212
2900	3	5	1.25	0	0:01:54.676425
2920	2	2	0.287	1	0:01:53.744362
2940	3	0	1.12	0	0:01:54.534189
2960	9	9	1.21	1	0:01:56.946549
2980	8	8	0.356	1	0:01:55.979292
3000	5	5	1.91	1	0:01:56.078161
3020	1	1	1.53	1	0:01:56.015269
3040	7	7	1.91	1	0:01:54.252468
3060	7	7	1.84	1	0:01:57.216607
3080	1	1	0.51	1	0:01:57.249335
3100	0	0	1.83	1	0:01:54.352578
3120	4	6	1.27	0	0:01:55.365909
3140	8	8	1.6	1	0:01:55.378482
3160	6	6	0.152	1	0:01:53.899814
3180	3	9	0.12	0	0:01:53.704336
3200	5	5	0.278	1	0:01:55.502572
3220	3	9	0.426	0	0:01:57.008902
3240	4	-1	0.0	0	0:01:55.037068
3260	7	7	1.05	1	0:01:54.701676
3280	3	5	1.87	0	0:01:56.785324
3300	4	4	0.396	1	0:01:56.532003
3320	2	7	1.41	0	0:01:54.777219
3340	6	6	0.799	1	0:01:55.508176
3360	4	6	0.51	0	0:01:57.496340
3380	8	8	1.72	1	0:01:55.068238
3400	6	4	0.627	0	0:01:55.074309
3420	5	3	0.528	0	0:01:55.887968
3440	2	5	0.00101	0	0:01:54.741441
3460	1	1	1.75	1	0:01:55.658075
3480	2	2	1.91	1	0:01:55.717903
3500	1	1	0.97	1	0:01:55.185354
3520	1	1	1.91	1	0:01:55.483209
3540	6	6	1.22	1	0:01:54.726626
3560	1	9	0.303	0	0:01:54.510086
3580	4	2	0.538	0	0:01:56.450914
3600	4	2	1.01	0	0:01:56.537886
3620	0	-1	0.0	0	0:01:55.729232
3640	6	2	0.912	0	0:01:54.708836
3660	0	0	0.0888	1	0:01:54.896321
3680	0	2	0.296	0	0:01:54.508557
3700	3	3	0.888	1	0:01:55.464832
3720	2	2	1.75	1	0:01:54.643776
3740	0	0	1.54	1	0:01:57.021840
3760	7	7	1.91	1	0:01:55.539857
3780	4	2	0.352	0	0:01:55.986100
3800	9	9	0.9	1	0:01:55.411446
3820	0	0	0.41	1	0:01:55.334620
3840	6	3	0.467	0	0:01:53.031315
3860	7	7	1.91	1	0:01:52.706383
3880	6	4	0.122	0	0:01:53.071573
3900	3	6	1.08	0	0:01:52.600590
3920	7	9	0.287	0	0:01:54.798160
3940	6	6	0.201	1	0:01:53.851900
3960	2	2	1.49	1	0:01:54.305591
3980	9	7	0.552	0	0:01:53.868870
4000	8	0	0.0955	0	0:01:54.395239
4020	8	8	1.72	1	0:01:53.587000
4040	0	0	1.76	1	0:01:54.456423
4060	6	6	1.19	1	0:01:53.488945
4080	1	1	1.04	1	0:01:54.190476
4100	7	7	1.91	1	0:01:54.099771
4120	4	4	0.917	1	0:01:53.067947
4140	5	3	0.295	0	0:01:52.759326
4160	5	5	1.22	1	0:01:52.999305
4180	0	8	0.216	0	0:01:54.123553
4200	4	2	1.16	0	0:01:52.181177
4220	4	0	1.91	0	0:01:53.078758
4240	7	0	0.856	0	0:01:55.770429
4260	8	8	1.58	1	0:01:54.857733
4280	8	8	0.0593	1	0:01:53.534524
4300	8	8	1.69	1	0:01:53.866986
4320	1	8	0.404	0	0:01:54.293466
4340	0	0	0.943	1	0:01:54.589971
4360	6	3	0.617	0	0:01:54.990488
4380	9	9	0.578	1	0:01:53.612925
4400	3	6	0.684	0	0:01:52.870421
4420	5	5	0.559	1	0:01:53.595187
4440	2	2	0.59	1	0:01:54.479173
4460	9	9	0.864	1	0:01:55.236499
4480	9	9	1.91	1	0:01:54.399143
4500	3	5	1.28	0	0:01:54.660948
4520	3	6	0.685	0	0:01:56.543593
4540	9	9	1.91	1	0:01:55.957559
4560	1	1	1.45	1	0:01:55.789186
4580	6	6	0.0852	1	0:01:55.829446
4600	4	4	0.643	1	0:01:54.307414
4620	7	3	1.25	0	0:01:53.886858
4640	2	4	0.0661	0	0:01:54.716447
4660	7	7	0.485	1	0:01:54.065624
4680	9	9	0.643	1	0:01:55.367329
4700	6	6	0.00642	1	0:01:55.493025
4720	8	0	0.622	0	0:01:54.139565
4740	5	5	0.276	1	0:01:56.488761
4760	3	2	0.227	0	0:01:54.256680
4780	0	0	1.04	1	0:01:54.865393
4800	9	9	1.91	1	0:01:56.369467
4820	3	5	0.706	0	0:01:55.419957
4840	0	0	1.87	1	0:01:53.311781
4860	5	5	1.87	1	0:01:54.165932
4880	0	7	0.162	0	0:01:55.024284
4900	3	5	0.162	0	0:01:54.176769
4920	7	7	1.91	1	0:01:57.361805
4940	6	6	0.718	1	0:01:57.334950
4960	4	4	0.229	1	0:01:55.361764
4980	1	9	1.58	0	0:01:55.128956
5000	7	7	1.91	1	0:01:55.408297
5020	8	8	1.24	1	0:01:54.224412
5040	3	3	0.927	1	0:01:55.672333
5060	6	6	0.923	1	0:01:56.517149
5080	7	7	1.91	1	0:01:55.957334
5100	3	3	1.72	1	0:01:55.377992
5120	9	9	1.18	1	0:01:56.273962
5140	8	8	1.55	1	0:01:55.089859
5160	0	0	1.0	1	0:01:54.965730
5180	9	7	0.55	0	0:01:54.685905
5200	3	3	1.91	1	0:01:55.478830
5220	0	0	1.35	1	0:01:54.192294
5240	1	9	0.112	0	0:01:54.720114
5260	0	0	1.91	1	0:01:54.857681
5280	0	8	1.3	0	0:01:54.366570
5300	9	9	1.91	1	0:01:53.826747
5320	7	7	1.91	1	0:01:55.052083
5340	3	4	1.4	0	0:01:55.535633
5360	9	9	1.8	1	0:01:55.739337
5380	1	9	1.19	0	0:01:54.750554
5400	9	9	1.38	1	0:01:54.211803
5420	6	6	1.34	1	0:01:55.695305
5440	9	9	1.91	1	0:01:55.750248
5460	0	0	1.91	1	0:01:54.638148
5480	1	1	0.994	1	0:01:54.062189
5500	8	8	0.728	1	0:01:53.841107
5520	4	4	0.346	1	0:01:56.964735
5540	5	6	0.184	0	0:01:54.127012
5560	3	5	0.0978	0	0:01:53.926987
5580	5	6	0.366	0	0:01:53.887356
5600	6	5	0.0732	0	0:01:53.439382
5620	3	6	0.952	0	0:01:54.414045
5640	2	3	0.857	0	0:01:55.051827
5660	9	9	0.987	1	0:01:54.726151
5680	2	3	0.372	0	0:01:53.835696
5700	3	5	0.184	0	0:01:54.066982
5720	9	9	1.91	1	0:01:54.628063
5740	6	4	0.292	0	0:01:54.873336
5760	2	2	1.02	1	0:01:53.928095
5780	7	7	1.91	1	0:01:54.489083
5800	2	-1	0.0	0	0:01:53.175975
5820	5	5	0.618	1	0:01:53.880751
5840	2	2	0.173	1	0:01:54.461878
5860	0	-1	0.0	0	0:01:56.109615
5880	0	0	1.19	1	0:01:54.573865
5900	4	5	0.529	0	0:01:53.810191
5920	8	8	1.91	1	0:01:54.808076
5940	7	4	0.577	0	0:01:53.980811
5960	2	6	0.678	0	0:01:55.270495
5980	9	9	1.91	1	0:01:56.057820
6000	8	8	0.66	1	0:01:55.560804
6020	6	6	1.13	1	0:01:56.747958
6040	2	7	0.526	0	0:01:55.239487
6060	3	6	0.0266	0	0:01:54.073872
6080	1	1	0.874	1	0:01:53.848993
6100	1	1	1.55	1	0:01:55.206608
6120	5	5	1.41	1	0:01:56.866486
6140	9	9	1.84	1	0:01:56.511799
6160	2	2	0.376	1	0:01:56.445662
6180	0	0	0.975	1	0:01:54.192334
6200	3	3	0.617	1	0:01:55.630709
6220	2	5	0.198	0	0:01:54.873542
6240	2	2	0.269	1	0:01:56.451794
6260	2	-1	0.0	0	0:01:55.017830
6280	8	5	0.624	0	0:01:54.496653
6300	1	1	0.894	1	0:01:54.622397
6320	0	0	1.35	1	0:01:55.846863
6340	3	3	1.24	1	0:01:56.648532
6360	2	2	0.59	1	0:01:54.457975
6380	3	6	0.249	0	0:01:56.028519
6400	0	0	0.448	1	0:01:56.818439
6420	7	7	1.87	1	0:01:56.793774
6440	3	4	0.0714	0	0:01:54.847257
6460	3	3	0.281	1	0:01:54.898741
6480	0	0	0.997	1	0:01:53.802028
6500	7	-1	0.0	0	0:01:54.350058
6520	6	6	0.326	1	0:01:55.835992
6540	8	8	1.61	1	0:01:54.553424
6560	6	6	1.42	1	0:01:53.879502
6580	1	1	0.115	1	0:01:56.545865
6600	7	7	1.91	1	0:01:54.913721
6620	7	7	1.81	1	0:01:53.697825
6640	5	3	1.75	0	0:01:53.448910
6660	0	0	1.28	1	0:01:54.750317
6680	3	5	0.381	0	0:01:55.504031
6700	6	6	0.762	1	0:01:55.682898
6720	2	2	1.2	1	0:01:55.606313
6740	2	6	0.235	0	0:01:55.588567
6760	5	5	1.87	1	0:01:55.630901
6780	7	7	1.91	1	0:01:55.867165
6800	6	6	0.775	1	0:01:55.752391
6820	1	1	1.91	1	0:01:56.153501
6840	9	9	0.907	1	0:01:54.565700
6860	0	0	1.53	1	0:01:55.945073
6880	2	2	1.67	1	0:01:56.112371
6900	3	3	0.274	1	0:01:55.682935
6920	5	2	1.5	0	0:01:55.053414
6940	1	1	1.91	1	0:02:00.264837
6960	9	9	0.047	1	0:01:57.328255
6980	0	9	0.383	0	0:01:56.402046
7000	2	8	0.583	0	0:01:55.940315
7020	7	7	1.91	1	0:01:53.828834
7040	7	8	0.4	0	0:01:54.732909
7060	8	8	1.3	1	0:01:55.278919
7080	5	4	0.899	0	0:01:55.628445
7100	9	3	0.468	0	0:01:58.138051
7120	7	7	1.31	1	0:01:57.537506
7140	4	4	0.86	1	0:01:53.345593
7160	5	5	1.43	1	0:01:56.646432
7180	6	6	1.72	1	0:01:56.271956
7200	4	6	0.407	0	0:01:54.083447
7220	9	9	1.32	1	0:01:55.858535
7240	0	8	0.914	0	0:01:56.053222
7260	1	1	0.705	1	0:01:56.274509
7280	1	1	0.489	1	0:01:56.312141
7300	3	5	0.253	0	0:01:54.766323
7320	8	8	0.204	1	0:01:55.028152
7340	2	4	0.744	0	0:01:55.107718
7360	2	4	0.141	0	0:01:56.739094
7380	7	7	1.4	1	0:01:55.784192
7400	3	3	0.571	1	0:01:56.068779
7420	3	2	0.194	0	0:01:56.783215
7440	3	3	0.524	1	0:01:55.872467
7460	5	5	1.91	1	0:01:54.492487
7480	1	8	0.638	0	0:01:55.573084
7500	6	6	1.91	1	0:01:55.532549
7520	4	-1	0.0	0	0:01:56.526202
7540	5	5	1.91	1	0:01:55.715827
7560	0	0	0.957	1	0:01:55.659186
7580	8	8	1.45	1	0:01:55.538108
7600	8	9	1.08	0	0:01:55.240709
7620	5	3	1.17	0	0:01:56.998859
7640	9	9	0.498	1	0:01:55.857166
7660	7	7	0.442	1	0:01:55.149321
7680	3	9	0.111	0	0:01:55.310564
7700	6	6	1.91	1	0:01:55.169029
7720	5	5	0.939	1	0:01:57.501237
7740	4	2	0.439	0	0:01:56.441807
7760	2	0	0.109	0	0:01:56.926942
7780	3	9	0.346	0	0:01:55.296647
7800	0	0	1.38	1	0:01:55.744829
7820	5	5	0.803	1	0:01:55.062284
7840	1	1	1.91	1	0:01:56.462378
7860	8	8	0.81	1	0:01:56.881696
7880	0	0	0.16	1	0:01:54.151889
7900	0	8	0.308	0	0:01:56.714206
7920	9	9	0.548	1	0:01:55.795791
7940	2	6	0.984	0	0:01:56.211585
7960	0	0	0.784	1	0:01:56.504601
7980	3	5	0.17	0	0:01:55.566677
8000	9	9	1.65	1	0:01:55.153317
8020	6	6	0.0757	1	0:01:55.200344
8040	2	2	1.36	1	0:01:57.389700
8060	6	6	1.11	1	0:01:55.908352
8080	4	6	0.246	0	0:01:55.901140
8100	6	2	1.26	0	0:01:55.802609
8120	8	8	0.187	1	0:01:57.013184
8140	5	4	0.255	0	0:01:55.523546
8160	6	6	1.6	1	0:01:56.697001
8180	4	6	0.3	0	0:01:55.162944
8200	3	6	0.0298	0	0:01:55.984580
8220	6	6	0.13	1	0:01:55.025184
8240	7	7	1.91	1	0:01:56.561635
8260	1	1	1.91	1	0:01:56.478455
8280	4	5	1.64	0	0:01:55.163090
8300	5	2	0.472	0	0:01:54.554370
8320	7	7	0.7	1	0:01:55.694746
8340	5	5	1.05	1	0:01:56.094993
8360	7	7	1.91	1	0:01:57.828929
8380	9	9	1.91	1	0:01:55.254023
8400	0	8	0.0777	0	0:01:55.254249
8420	3	6	1.09	0	0:01:55.583831
8440	5	5	0.233	1	0:01:54.309322
8460	8	8	1.91	1	0:01:54.539073
8480	2	2	0.654	1	0:01:55.292968
8500	4	4	0.605	1	0:01:54.283064
8520	8	8	0.39	1	0:01:56.276793
8540	4	2	0.349	0	0:01:55.497297
8560	7	7	1.48	1	0:01:55.794847
8580	3	5	1.34	0	0:01:55.803108
8600	3	5	0.329	0	0:01:56.489062
8620	3	5	0.0146	0	0:01:56.071675
8640	1	1	1.52	1	0:01:54.757706
8660	7	7	1.31	1	0:01:55.645103
8680	3	3	0.0943	1	0:01:54.541349
8700	3	3	0.544	1	0:01:54.899190
8720	2	0	1.91	0	0:01:54.171192
8740	2	6	0.108	0	0:01:56.445987
8760	8	8	1.91	1	0:01:57.153448
8780	4	4	0.414	1	0:01:56.937481
8800	0	0	1.91	1	0:01:56.648887
8820	2	2	1.91	1	0:01:57.032182
8840	2	-1	0.0	0	0:01:56.123592
8860	2	2	1.24	1	0:01:56.672639
8880	1	1	1.28	1	0:01:57.048847
8900	2	2	0.223	1	0:01:55.964366
8920	6	6	1.87	1	0:01:56.450263
8940	6	3	1.61	0	0:01:55.728704
8960	0	0	1.91	1	0:01:55.887854
8980	9	9	1.91	1	0:01:56.664257
9000	8	8	1.91	1	0:01:56.378367
9020	7	7	1.3	1	0:01:56.675799
9040	2	5	1.73	0	0:01:56.383078
9060	9	9	0.394	1	0:01:55.802176
9080	3	2	0.00311	0	0:01:56.666442
9100	9	1	0.113	0	0:01:55.908582
9120	3	3	0.0762	1	0:01:55.497595
9140	7	7	0.729	1	0:01:54.711179
9160	5	5	1.1	1	0:01:54.584902
9180	5	5	1.91	1	0:01:54.059038
9200	8	8	1.87	1	0:01:54.200290
9220	8	8	1.91	1	0:01:56.373337
9240	8	8	1.19	1	0:01:56.036059
9260	5	5	0.971	1	0:01:57.902421
9280	9	9	0.364	1	0:01:56.005795
9300	5	5	1.05	1	0:01:55.717304
9320	9	9	1.91	1	0:01:56.608201
9340	1	1	1.87	1	0:01:56.480514
9360	5	0	0.617	0	0:01:57.640171
9380	5	5	0.369	1	0:01:55.565141
9400	6	6	1.6	1	0:01:55.300768
9420	5	5	1.39	1	0:01:55.856144
9440	8	8	1.91	1	0:01:55.701484
9460	3	7	0.648	0	0:01:56.134235
9480	2	4	0.407	0	0:01:56.780749
9500	9	9	0.311	1	0:01:57.288972
9520	1	1	1.57	1	0:01:55.154744
9540	5	5	1.84	1	0:01:54.316713
9560	9	7	1.77	0	0:01:55.844295
9580	1	1	1.03	1	0:01:57.099812
9600	8	8	1.47	1	0:01:54.614605
9620	4	7	0.0168	0	0:01:56.464040
9640	5	5	0.737	1	0:01:56.536376
9660	6	6	1.91	1	0:01:55.985140
9680	8	8	1.54	1	0:01:59.323334
9700	0	0	1.54	1	0:02:00.882196
9720	8	-1	0.0	0	0:02:09.671203
9740	3	6	1.04	0	0:01:58.104711
9760	9	7	0.179	0	0:01:55.477406
9780	4	6	1.62	0	0:01:55.515493
9800	1	1	1.91	1	0:01:56.591140
9820	0	8	0.488	0	0:01:54.827566
9840	4	3	0.242	0	0:01:54.846318
9860	0	5	0.274	0	0:01:57.299919
9880	7	7	1.33	1	0:01:56.262415
9900	8	8	0.471	1	0:01:55.247972
9920	6	6	1.91	1	0:01:56.599453
9940	4	5	0.444	0	0:01:55.358329
9960	2	0	1.91	0	0:01:55.822355
9980	0	0	1.91	1	0:01:53.984741
