0	3	6	0.457	0	0:01:38.532370
20	7	9	0.559	0	0:01:55.091747
40	4	1	0.00952	0	0:01:59.090184
60	7	7	2.58	1	0:01:58.209209
80	8	8	3.1	1	0:01:55.251384
100	4	7	0.834	0	0:01:55.139856
120	8	8	2.86	1	0:01:56.913955
140	6	6	1.27	1	0:01:56.335104
160	2	2	2.33	1	0:01:55.238091
180	0	0	1.07	1	0:01:57.026452
200	5	3	1.86	0	0:01:57.297593
220	7	7	3.65	1	0:01:57.735300
240	1	1	2.85	1	0:01:58.975967
260	8	5	0.935	0	0:01:57.037342
280	9	9	3.55	1	0:01:58.665245
300	6	6	0.941	1	0:02:01.779472
320	3	6	0.338	0	0:01:58.116495
340	2	-1	0.0	0	0:01:56.562324
360	9	6	0.88	0	0:01:56.222381
380	6	6	1.95	1	0:01:55.677161
400	9	9	3.45	1	0:01:56.324964
420	4	6	2.36	0	0:01:59.133487
440	1	1	0.734	1	0:01:56.321876
460	5	5	2.61	1	0:01:58.037369
480	8	9	1.21	0	0:01:57.848388
500	4	6	1.79	0	0:01:59.244234
520	5	5	1.72	1	0:01:58.481155
540	1	8	0.22	0	0:01:58.958935
560	0	0	1.95	1	0:01:57.987463
580	4	6	3.06	0	0:02:02.787013
600	8	8	0.364	1	0:01:59.380604
620	7	6	0.777	0	0:01:59.954307
640	5	-1	0.0	0	0:02:01.987458
660	9	9	3.18	1	0:01:59.386246
680	9	9	2.25	1	0:01:57.904350
700	7	7	1.82	1	0:01:58.333768
720	4	9	1.66	0	0:01:57.392349
740	2	5	2.7	0	0:01:59.060500
760	3	9	1.27	0	0:01:59.325528
780	9	9	1.3	1	0:01:57.708051
800	7	7	2.02	1	0:01:59.058244
820	6	9	0.639	0	0:01:57.063177
840	7	7	3.81	1	0:02:01.501037
860	4	6	1.73	0	0:01:59.467667
880	8	8	3.81	1	0:02:00.140119
900	2	6	2.25	0	0:02:02.456564
920	6	6	0.958	1	0:02:00.131635
940	9	1	0.54	0	0:01:59.203272
960	9	9	1.35	1	0:02:02.483495
980	2	6	3.28	0	0:01:58.787036
1000	5	5	3.45	1	0:02:00.499190
1020	1	8	0.0677	0	0:01:55.997454
1040	7	5	3.81	0	0:01:58.595185
1060	9	9	1.45	1	0:02:00.097625
1080	6	6	3.62	1	0:01:59.020886
1100	7	8	3.01	0	0:01:57.940649
1120	5	5	0.673	1	0:01:59.262916
1140	6	6	2.31	1	0:02:00.546079
1160	8	8	1.78	1	0:01:59.478767
1180	3	9	0.641	0	0:01:59.073709
1200	8	8	1.08	1	0:01:58.961160
1220	9	6	0.244	0	0:02:01.856516
1240	2	6	3.53	0	0:01:59.295909
1260	1	9	2.15	0	0:02:00.688474
1280	3	7	1.74	0	0:02:03.696240
1300	4	6	3.3	0	0:01:58.244204
1320	7	7	2.04	1	0:01:57.179158
1340	1	1	1.01	1	0:01:59.315745
1360	7	7	0.94	1	0:01:59.067912
1380	4	5	1.62	0	0:01:58.665316
1400	5	6	0.362	0	0:01:58.210890
1420	4	6	1.2	0	0:01:58.219768
1440	0	0	1.2	1	0:01:58.799518
1460	6	6	1.76	1	0:01:59.272431
1480	1	1	0.956	1	0:02:01.849167
1500	1	9	2.72	0	0:01:59.191118
1520	7	6	1.06	0	0:01:56.395136
1540	8	8	2.38	1	0:01:58.449208
1560	7	7	3.81	1	0:02:00.326622
1580	6	9	0.274	0	0:02:01.043586
1600	8	9	0.785	0	0:01:58.562482
1620	5	8	0.381	0	0:01:59.428802
1640	7	5	2.75	0	0:02:00.734707
1660	3	5	1.98	0	0:02:00.725756
1680	6	6	3.38	1	0:02:00.827932
1700	5	2	1.15	0	0:02:01.743102
1720	4	2	1.37	0	0:02:02.040722
1740	1	9	1.48	0	0:01:56.764209
1760	0	8	2.23	0	0:01:58.882199
1780	7	8	0.675	0	0:02:03.047594
1800	4	8	2.28	0	0:01:58.925779
1820	8	9	0.367	0	0:02:00.710871
1840	8	9	0.425	0	0:01:58.444620
1860	8	8	1.89	1	0:01:59.791556
1880	1	1	2.11	1	0:01:58.205881
1900	8	8	3.81	1	0:02:00.158641
1920	2	7	0.789	0	0:01:57.924284
1940	5	2	3.62	0	0:01:57.632967
1960	2	5	2.43	0	0:02:00.987375
1980	9	9	2.37	1	0:02:00.532700
2000	1	6	0.632	0	0:01:58.561522
2020	9	9	3.65	1	0:01:56.037686
2040	0	8	3.03	0	0:01:58.339298
2060	5	5	3.26	1	0:01:59.805062
2080	1	1	1.03	1	0:01:59.240300
2100	2	6	0.0882	0	0:01:58.204857
2120	4	8	1.11	0	0:02:00.334700
2140	9	9	3.31	1	0:02:00.675396
2160	0	8	3.49	0	0:02:00.231098
2180	4	6	2.78	0	0:01:58.532655
2200	0	0	3.47	1	0:01:59.613626
2220	1	1	1.84	1	0:02:00.874637
2240	9	9	3.51	1	0:02:00.914165
2260	4	7	1.45	0	0:02:03.511557
2280	4	8	1.36	0	0:01:58.777265
2300	3	6	2.5	0	0:01:59.079341
2320	5	8	0.431	0	0:01:59.740386
2340	7	7	1.25	1	0:01:58.650654
2360	7	7	1.8	1	0:01:59.185152
2380	8	8	3.81	1	0:01:59.288737
2400	0	0	2.36	1	0:02:00.279221
2420	8	1	0.22	0	0:02:01.075239
2440	7	-1	0.0	0	0:02:01.180414
2460	9	9	1.45	1	0:02:01.492040
2480	8	8	1.99	1	0:02:02.254310
2500	4	6	2.97	0	0:02:01.080324
2520	1	8	1.01	0	0:01:59.727968
2540	2	3	1.51	0	0:01:58.500588
2560	7	-1	0.0	0	0:01:57.843616
2580	6	7	1.26	0	0:02:00.115286
2600	8	8	3.65	1	0:01:59.343460
2620	1	1	0.576	1	0:01:58.130790
2640	7	7	2.38	1	0:01:59.749608
2660	3	0	0.138	0	0:01:58.187083
2680	0	0	2.56	1	0:02:00.423591
2700	9	9	0.31	1	0:01:57.328259
2720	3	6	1.12	0	0:02:02.143360
2740	1	9	0.527	0	0:01:58.650437
2760	2	6	1.63	0	0:02:00.022782
2780	7	7	3.74	1	0:02:01.673685
2800	4	6	2.03	0	0:02:01.960856
2820	6	6	3.4	1	0:02:00.588191
2840	3	3	3.57	1	0:02:00.203062
2860	5	6	0.852	0	0:02:00.484306
2880	4	4	1.3	1	0:02:01.125908
2900	3	5	3.09	0	0:01:58.440850
2920	2	5	0.485	0	0:01:59.414039
2940	3	8	2.9	0	0:01:58.692317
2960	9	7	1.32	0	0:01:57.999264
2980	8	1	2.34	0	0:01:58.014570
3000	5	5	3.47	1	0:01:57.477275
3020	1	1	1.81	1	0:01:58.077653
3040	7	7	3.81	1	0:01:57.739742
3060	7	7	3.09	1	0:02:00.624892
3080	1	7	0.731	0	0:02:05.005936
3100	0	0	2.68	1	0:02:07.893712
3120	4	6	2.99	0	0:02:00.785828
3140	8	8	2.74	1	0:01:56.697563
3160	6	4	2.01	0	0:02:07.159365
3180	3	-1	0.0	0	0:02:04.388225
3200	5	1	0.597	0	0:02:04.293168
3220	3	9	0.855	0	0:02:08.719586
3240	4	-1	0.0	0	0:02:06.879117
3260	7	7	1.97	1	0:02:02.313185
3280	3	5	1.68	0	0:02:02.319913
3300	4	6	0.175	0	0:02:03.101930
3320	2	9	0.0161	0	0:02:01.994550
3340	6	6	1.29	1	0:02:03.931644
3360	4	6	2.13	0	0:02:03.962073
3380	8	8	0.733	1	0:02:02.978634
3400	6	6	1.76	1	0:02:04.793255
3420	5	6	2.15	0	0:02:04.249519
3440	2	9	0.655	0	0:02:01.938686
3460	1	1	3.47	1	0:02:00.727592
3480	2	2	2.72	1	0:02:01.227053
3500	1	1	1.68	1	0:02:05.449854
3520	1	1	2.26	1	0:02:03.652379
3540	6	6	1.7	1	0:01:56.817832
3560	1	8	0.647	0	0:01:57.795045
3580	4	1	0.778	0	0:01:59.181412
3600	4	-1	0.0	0	0:01:59.525766
3620	0	7	0.00662	0	0:01:57.111635
3640	6	2	0.763	0	0:01:57.762488
3660	0	8	2.56	0	0:01:56.887450
3680	0	7	0.17	0	0:01:58.115651
3700	3	6	0.0241	0	0:01:58.553861
3720	2	2	1.39	1	0:01:56.426055
3740	0	0	1.98	1	0:01:59.016439
3760	7	7	3.81	1	0:02:00.698721
3780	4	6	2.51	0	0:02:01.171407
3800	9	9	1.44	1	0:01:58.769869
3820	0	0	1.82	1	0:02:00.121218
3840	6	5	1.55	0	0:02:00.083008
3860	7	7	2.25	1	0:01:59.718260
3880	6	7	2.08	0	0:01:59.685423
3900	3	0	1.04	0	0:01:59.450732
3920	7	8	1.17	0	0:02:01.694713
3940	6	6	2.19	1	0:02:00.869537
3960	2	5	2.84	0	0:02:02.087057
3980	9	9	0.326	1	0:01:59.714105
4000	8	7	0.696	0	0:01:59.992508
4020	8	8	2.5	1	0:02:00.722856
4040	0	8	1.12	0	0:01:58.894411
4060	6	6	1.86	1	0:02:00.109541
4080	1	8	0.946	0	0:01:58.314666
4100	7	7	3.4	1	0:01:56.465939
4120	4	0	2.57	0	0:01:56.804863
4140	5	3	1.09	0	0:02:00.442458
4160	5	2	0.617	0	0:01:59.385167
4180	0	0	1.32	1	0:01:59.037325
4200	4	6	2.0	0	0:01:58.391231
4220	4	0	3.81	0	0:01:59.050599
4240	7	8	0.914	0	0:01:59.106992
4260	8	8	2.15	1	0:01:56.783283
4280	8	8	1.83	1	0:01:57.349485
4300	8	8	2.75	1	0:01:59.598749
4320	1	8	3.81	0	0:01:59.916872
4340	0	0	1.08	1	0:01:59.067478
4360	6	6	0.851	1	0:02:00.508756
4380	9	9	1.75	1	0:02:00.146219
4400	3	6	1.95	0	0:02:01.060093
4420	5	8	1.35	0	0:02:01.187950
4440	2	6	2.13	0	0:02:01.885648
4460	9	8	0.748	0	0:02:01.224530
4480	9	6	0.177	0	0:02:03.671325
4500	3	7	0.208	0	0:02:00.592778
4520	3	6	1.7	0	0:02:01.428138
4540	9	9	3.81	1	0:02:00.747143
4560	1	1	2.09	1	0:01:59.305420
4580	6	6	2.7	1	0:01:59.980778
4600	4	7	1.26	0	0:02:01.048933
4620	7	3	0.705	0	0:01:58.221648
4640	2	5	0.457	0	0:01:58.763165
4660	7	6	0.711	0	0:01:59.673592
4680	9	9	0.798	1	0:01:58.647283
4700	6	1	0.225	0	0:01:58.772477
4720	8	8	2.38	1	0:02:00.220371
4740	5	6	0.0889	0	0:01:59.020753
4760	3	-1	0.0	0	0:02:00.351827
4780	0	8	0.576	0	0:01:59.494575
4800	9	9	3.81	1	0:01:57.318399
4820	3	5	1.68	0	0:01:59.221798
4840	0	0	2.98	1	0:02:00.714184
4860	5	5	3.46	1	0:02:01.803851
4880	0	2	2.48	0	0:01:59.525676
4900	3	6	1.26	0	0:01:59.079622
4920	7	7	1.99	1	0:01:58.952220
4940	6	6	2.63	1	0:01:59.406055
4960	4	6	2.12	0	0:02:00.228256
4980	1	9	3.26	0	0:02:00.516380
5000	7	7	3.81	1	0:01:58.189339
5020	8	8	1.57	1	0:01:56.759042
5040	3	7	1.94	0	0:01:57.498692
5060	6	6	2.28	1	0:01:58.728999
5080	7	7	3.51	1	0:02:01.783256
5100	3	7	0.745	0	0:01:59.614621
5120	9	8	1.67	0	0:01:57.777025
5140	8	8	2.81	1	0:01:58.000105
5160	0	8	3.04	0	0:01:58.216153
5180	9	6	0.278	0	0:01:57.989306
5200	3	3	3.81	1	0:01:57.802075
5220	0	0	3.3	1	0:01:58.483496
5240	1	9	0.913	0	0:01:58.620720
5260	0	0	3.46	1	0:01:58.733328
5280	0	8	2.0	0	0:01:58.491583
5300	9	1	1.18	0	0:01:57.907439
5320	7	7	3.57	1	0:01:57.248489
5340	3	7	0.763	0	0:01:59.512291
5360	9	9	3.08	1	0:01:58.665375
5380	1	9	3.62	0	0:01:56.489428
5400	9	9	0.752	1	0:01:58.050563
5420	6	6	1.32	1	0:01:59.217842
5440	9	9	2.33	1	0:01:57.269560
5460	0	5	1.01	0	0:01:59.415718
5480	1	8	0.129	0	0:01:58.288572
5500	8	8	0.63	1	0:01:57.863003
5520	4	6	0.0231	0	0:01:58.982304
5540	5	6	0.803	0	0:01:58.152791
5560	3	6	0.92	0	0:01:58.591521
5580	5	6	1.48	0	0:01:58.610340
5600	6	8	0.253	0	0:01:57.023730
5620	3	6	2.76	0	0:01:58.756964
5640	2	2	2.04	1	0:01:57.277510
5660	9	9	1.08	1	0:01:59.343485
5680	2	3	0.375	0	0:01:56.055772
5700	3	-1	0.0	0	0:01:56.848872
5720	9	9	2.92	1	0:01:58.832891
5740	6	6	3.59	1	0:01:58.558484
5760	2	6	1.29	0	0:02:00.228006
5780	7	7	2.52	1	0:01:57.625854
5800	2	6	1.25	0	0:01:59.701966
5820	5	6	0.751	0	0:01:58.683418
5840	2	6	1.25	0	0:02:00.754390
5860	0	8	1.5	0	0:01:57.958153
5880	0	8	0.928	0	0:01:58.504851
5900	4	-1	0.0	0	0:01:58.844708
5920	8	8	3.81	1	0:01:59.838101
5940	7	7	1.87	1	0:01:59.716000
5960	2	6	0.53	0	0:02:00.940010
5980	9	9	2.25	1	0:01:58.127720
6000	8	8	1.13	1	0:01:56.511727
6020	6	6	1.34	1	0:01:57.759852
6040	2	1	0.217	0	0:01:57.313787
6060	3	6	1.01	0	0:01:58.247401
6080	1	9	0.405	0	0:01:59.770751
6100	1	1	1.62	1	0:01:58.636634
6120	5	5	3.59	1	0:01:59.488221
6140	9	9	2.13	1	0:02:00.000042
6160	2	5	1.71	0	0:01:57.759412
6180	0	8	0.941	0	0:01:59.228385
6200	3	0	0.477	0	0:01:59.781024
6220	2	6	2.42	0	0:02:00.929319
6240	2	6	0.948	0	0:02:00.570124
6260	2	9	0.79	0	0:02:01.368779
6280	8	5	0.642	0	0:01:59.422296
6300	1	-1	0.0	0	0:01:59.704799
6320	0	0	2.53	1	0:01:58.870803
6340	3	3	1.09	1	0:01:57.341716
6360	2	6	1.92	0	0:01:58.273594
6380	3	6	0.75	0	0:01:58.783418
6400	0	1	1.62	0	0:01:58.374747
6420	7	7	0.302	1	0:01:58.421079
6440	3	8	1.29	0	0:01:58.263075
6460	3	1	0.594	0	0:01:58.733587
6480	0	0	0.857	1	0:01:58.610544
6500	7	0	0.0227	0	0:01:57.447899
6520	6	6	1.74	1	0:01:57.367241
6540	8	8	2.21	1	0:01:57.920505
6560	6	6	2.9	1	0:01:58.556407
6580	1	2	0.346	0	0:01:57.453856
6600	7	7	3.81	1	0:01:58.456062
6620	7	7	3.1	1	0:02:00.746906
6640	5	3	1.72	0	0:01:59.180960
6660	0	8	0.235	0	0:01:58.774974
6680	3	5	1.62	0	0:01:58.551589
6700	6	6	0.914	1	0:01:59.410888
6720	2	6	2.03	0	0:02:00.599585
6740	2	6	3.2	0	0:02:00.071508
6760	5	5	1.66	1	0:01:59.451220
6780	7	7	3.55	1	0:02:00.553305
6800	6	6	2.96	1	0:01:59.913439
6820	1	1	2.44	1	0:01:59.687375
6840	9	9	1.41	1	0:02:01.002864
6860	0	0	3.51	1	0:01:59.930426
6880	2	6	0.382	0	0:01:58.820178
6900	3	7	2.41	0	0:02:00.082136
6920	5	6	1.48	0	0:01:58.881975
6940	1	1	3.81	1	0:01:59.211723
6960	9	8	2.12	0	0:01:58.847185
6980	0	9	2.32	0	0:01:58.134764
7000	2	8	0.253	0	0:01:58.941145
7020	7	7	1.01	1	0:01:59.390556
7040	7	8	1.66	0	0:01:59.924333
7060	8	8	1.85	1	0:01:59.164656
7080	5	-1	0.0	0	0:01:58.214987
7100	9	9	0.784	1	0:01:57.656596
7120	7	7	3.59	1	0:01:58.500617
7140	4	-1	0.0	0	0:01:56.113311
7160	5	7	1.3	0	0:01:57.281111
7180	6	6	3.33	1	0:01:57.363506
7200	4	6	1.66	0	0:01:58.458582
7220	9	8	0.473	0	0:02:00.005749
7240	0	8	2.19	0	0:01:58.445775
7260	1	8	1.69	0	0:01:59.594025
7280	1	1	0.961	1	0:01:58.340782
7300	3	7	1.45	0	0:01:56.827827
7320	8	8	2.37	1	0:02:00.511739
7340	2	7	0.771	0	0:01:57.335152
7360	2	7	0.813	0	0:02:00.609365
7380	7	1	0.223	0	0:02:02.401877
7400	3	9	1.53	0	0:01:59.313613
7420	3	0	2.94	0	0:01:57.366929
7440	3	6	0.917	0	0:01:57.716172
7460	5	5	3.81	1	0:01:57.865154
7480	1	5	0.627	0	0:01:58.077453
7500	6	6	2.53	1	0:01:59.445225
7520	4	6	2.69	0	0:01:58.347769
7540	5	5	3.81	1	0:01:58.852374
7560	0	6	0.736	0	0:02:01.985724
7580	8	8	2.02	1	0:01:59.588670
7600	8	9	1.62	0	0:02:00.200012
7620	5	5	0.727	1	0:01:59.480160
7640	9	9	1.35	1	0:02:00.467745
7660	7	9	0.528	0	0:01:59.690565
7680	3	9	1.16	0	0:02:00.818205
7700	6	6	3.19	1	0:02:00.765143
7720	5	5	1.25	1	0:02:00.036241
7740	4	6	2.1	0	0:01:58.850401
7760	2	9	1.27	0	0:01:58.228174
7780	3	8	0.236	0	0:01:57.779401
7800	0	0	2.82	1	0:01:58.659346
7820	5	8	1.39	0	0:02:00.878850
7840	1	1	3.81	1	0:01:58.883389
7860	8	1	0.766	0	0:01:58.622838
7880	0	8	2.89	0	0:02:00.857516
7900	0	8	1.9	0	0:02:01.049178
7920	9	8	1.65	0	0:01:59.808963
7940	2	6	3.21	0	0:02:00.567816
7960	0	0	0.667	1	0:02:01.988086
7980	3	7	0.928	0	0:02:00.423827
8000	9	9	2.31	1	0:01:59.834436
8020	6	6	2.37	1	0:02:00.543621
8040	2	6	1.76	0	0:01:56.192667
8060	6	6	2.06	1	0:02:00.194048
8080	4	6	2.26	0	0:01:57.608117
8100	6	6	1.9	1	0:01:57.532298
8120	8	9	0.829	0	0:01:58.931579
8140	5	6	1.56	0	0:01:59.833312
8160	6	6	0.281	1	0:01:59.349474
8180	4	6	3.81	0	0:01:57.778475
8200	3	6	0.531	0	0:01:58.966880
8220	6	6	0.84	1	0:01:58.301688
8240	7	7	3.41	1	0:02:02.235523
8260	1	1	2.19	1	0:01:58.139157
8280	4	3	1.03	0	0:02:00.283556
8300	5	6	0.409	0	0:02:00.641557
8320	7	-1	0.0	0	0:02:00.141649
8340	5	5	0.578	1	0:01:58.974674
8360	7	7	1.17	1	0:02:01.202615
8380	9	8	1.66	0	0:02:01.867956
8400	0	8	2.63	0	0:02:00.888611
8420	3	6	2.78	0	0:01:59.738148
8440	5	5	0.913	1	0:01:59.145999
8460	8	8	3.81	1	0:01:58.064864
8480	2	1	0.055	0	0:01:59.874229
8500	4	2	1.05	0	0:01:58.806994
8520	8	6	0.331	0	0:01:57.626380
8540	4	6	2.77	0	0:02:00.949539
8560	7	7	3.03	1	0:02:02.374069
8580	3	0	2.24	0	0:01:58.756873
8600	3	7	1.76	0	0:01:58.659929
8620	3	1	0.291	0	0:01:57.452738
8640	1	1	3.57	1	0:01:57.894070
8660	7	5	3.35	0	0:01:57.430161
8680	3	1	0.0106	0	0:01:57.565992
8700	3	3	1.67	1	0:01:58.749258
8720	2	0	3.07	0	0:01:57.414159
8740	2	6	1.89	0	0:01:57.254479
8760	8	8	0.628	1	0:01:56.742388
8780	4	6	1.0	0	0:02:00.284178
8800	0	0	3.81	1	0:01:58.135946
8820	2	2	3.07	1	0:01:57.581071
8840	2	1	2.38	0	0:01:57.149819
8860	2	2	1.35	1	0:01:58.612239
8880	1	1	1.86	1	0:01:58.303633
8900	2	6	0.91	0	0:01:58.451329
8920	6	6	3.29	1	0:01:58.945253
8940	6	6	0.301	1	0:01:59.508185
8960	0	0	3.81	1	0:01:57.947498
8980	9	9	2.95	1	0:01:56.858061
9000	8	8	3.55	1	0:02:00.460555
9020	7	9	0.534	0	0:02:00.635509
9040	2	5	2.84	0	0:01:57.719094
9060	9	5	1.25	0	0:01:57.330199
9080	3	0	1.41	0	0:01:58.555203
9100	9	6	1.22	0	0:02:00.867588
9120	3	6	0.921	0	0:02:00.696556
9140	7	6	0.248	0	0:01:59.099931
9160	5	5	0.535	1	0:01:59.887569
9180	5	5	3.81	1	0:02:01.352395
9200	8	8	3.81	1	0:01:58.417204
9220	8	8	3.81	1	0:01:59.673901
9240	8	8	1.51	1	0:01:59.914647
9260	5	5	1.34	1	0:01:58.922484
9280	9	-1	0.0	0	0:02:00.305062
9300	5	5	1.45	1	0:02:01.162864
9320	9	9	1.41	1	0:01:59.577611
9340	1	1	2.94	1	0:01:59.863582
9360	5	6	0.292	0	0:01:59.077748
9380	5	5	2.15	1	0:01:58.201475
9400	6	6	2.48	1	0:01:57.791380
9420	5	5	1.17	1	0:01:57.684894
9440	8	8	3.53	1	0:01:57.860929
9460	3	6	1.13	0	0:01:58.332096
9480	2	6	1.5	0	0:01:58.112476
9500	9	1	0.368	0	0:01:57.974221
9520	1	9	2.01	0	0:01:58.560934
9540	5	5	1.3	1	0:01:58.890094
9560	9	7	3.26	0	0:01:57.232530
9580	1	1	0.457	1	0:01:58.007681
9600	8	8	3.81	1	0:01:59.757415
9620	4	7	0.989	0	0:01:58.129403
9640	5	6	0.337	0	0:01:57.719441
9660	6	6	0.87	1	0:01:58.499354
9680	8	8	2.17	1	0:01:59.041443
9700	0	0	2.66	1	0:01:57.751158
9720	8	-1	0.0	0	0:01:56.420640
9740	3	6	3.02	0	0:01:58.267675
9760	9	9	2.33	1	0:01:58.750725
9780	4	6	3.57	0	0:01:58.300833
9800	1	1	3.13	1	0:01:58.566023
9820	0	0	0.0243	1	0:01:58.583523
9840	4	3	1.35	0	0:01:58.973530
9860	0	8	0.663	0	0:01:57.665017
9880	7	7	3.59	1	0:01:57.912340
9900	8	0	2.01	0	0:01:58.572941
9920	6	6	3.81	1	0:01:56.281436
9940	4	-1	0.0	0	0:01:58.597391
9960	2	0	3.65	0	0:01:57.763182
9980	0	0	3.27	1	0:01:56.771315
